0.00000000000000000000,  0.00904109597006734662
0.00100000000000000002,  0.01798219194013469385
0.00200000000000000004,  0.02682428292682712337
0.00300000000000000006,  0.03556835404618888252
0.00400000000000000008,  0.04421538061219578569
0.00500000000000000010,  0.05276632823428745178
0.00600000000000000012,  0.06122215291392904546
0.00700000000000000015,  0.06958380114021221752
0.00800000000000000017,  0.07785220998450480268
0.00900000000000000105,  0.08602830719415871519
0.01000000000000000021,  0.09411301128528551385
0.01099999999999999936,  0.10210723163460870555
0.01200000000000000025,  0.11001186857040223810
0.01300000000000000114,  0.11782781346252406418
0.01400000000000000029,  0.12555594881155382470
0.01499999999999999944,  0.13319714833704368595
0.01600000000000000033,  0.14075227706489104595
0.01700000000000000122,  0.14822219141384179730
0.01800000000000000211,  0.15560773928113291742
0.01899999999999999953,  0.16290976012728294875
0.02000000000000000042,  0.17012908506003865394
0.02100000000000000130,  0.17726653691748656128
0.02199999999999999872,  0.18432293035033747719
0.02299999999999999961,  0.19129907190339215384
0.02400000000000000050,  0.19819576009619646606
0.02500000000000000139,  0.20501378550289411917
0.02600000000000000228,  0.21175393083128465910
0.02699999999999999969,  0.21841697100109480623
0.02800000000000000058,  0.22500367322147132865
0.02900000000000000147,  0.23151479706770225486
0.02999999999999999889,  0.23795109455717536329
0.03099999999999999978,  0.24431331022458030455
0.03200000000000000067,  0.25060218119636284984
0.03300000000000000155,  0.25681843726443798204
0.03400000000000000244,  0.26296280095916990671
0.03500000000000000333,  0.26903598762162561631
0.03600000000000000422,  0.27503870547510944622
0.03699999999999999817,  0.28097165569598614443
0.03799999999999999906,  0.28683553248379917155
0.03899999999999999994,  0.29263102313069094818
0.04000000000000000083,  0.29835880809013293202
0.04100000000000000172,  0.30401956104497140920
0.04200000000000000261,  0.30961394897479621591
0.04300000000000000350,  0.31514263222263955155
0.04399999999999999745,  0.32060626456101054549
0.04499999999999999833,  0.32600549325727323779
0.04599999999999999922,  0.33134095913837369185
0.04700000000000000011,  0.33661329665492339958
0.04800000000000000100,  0.34182313394464486356
0.04900000000000000189,  0.34697109289518573982
0.05000000000000000278,  0.35205778920630820261
0.05100000000000000366,  0.35708383245145941531
0.05200000000000000455,  0.36204982613872938035
0.05299999999999999850,  0.36695636777120227423
0.05399999999999999939,  0.37180404890670731843
0.05500000000000000028,  0.37659345521697495940
0.05600000000000000117,  0.38132516654620457475
0.05700000000000000205,  0.38599975696904925693
0.05800000000000000294,  0.39061779484802400253
0.05900000000000000383,  0.39517984289034213674
0.05999999999999999778,  0.39968645820418685632
0.06099999999999999867,  0.40413819235442210998
0.06199999999999999956,  0.40853559141774992147
0.06300000000000000044,  0.41287919603731820795
0.06400000000000000133,  0.41716954147678586562
0.06500000000000000222,  0.42140715767384928636
0.06600000000000000311,  0.42559256929323657781
0.06700000000000000400,  0.42972629577917464960
0.06800000000000000488,  0.43380885140733416172
0.06900000000000000577,  0.43784074533625710890
0.07000000000000000666,  0.44182248165827342490
0.07100000000000000755,  0.44575455944991060342
0.07200000000000000844,  0.44963747282180166476
0.07299999999999999545,  0.45347171096809679725
0.07399999999999999634,  0.45725775821538294785
0.07499999999999999722,  0.46099609407111696857
0.07599999999999999811,  0.46468719327157681498
0.07699999999999999900,  0.46833152582933562647
0.07799999999999999989,  0.47192955708026335104
0.07900000000000000078,  0.47548174773006057769
0.08000000000000000167,  0.47898855390032962775
0.08100000000000000255,  0.48245042717418695766
0.08200000000000000344,  0.48586781464142192455
0.08300000000000000433,  0.48924115894320635567
0.08400000000000000522,  0.49257089831635869626
0.08500000000000000611,  0.49585746663716812055
0.08600000000000000699,  0.49910129346478260270
0.08700000000000000788,  0.50230280408416527749
0.08799999999999999489,  0.50546241954862325407
0.08899999999999999578,  0.50858055672191315733
0.08999999999999999667,  0.51165762831992778192
0.09099999999999999756,  0.51469404295196852228
0.09199999999999999845,  0.51769020516160579870
0.09299999999999999933,  0.52064651546713447416
0.09400000000000000022,  0.52356337040162614915
0.09500000000000000111,  0.52644116255258188719
0.09600000000000000200,  0.52928028060119225451
0.09700000000000000289,  0.53208110936120511791
0.09800000000000000377,  0.53484402981740764016
0.09900000000000000466,  0.53756941916372502632
0.10000000000000000555,  0.54025765084094024004
0.10100000000000000644,  0.54290909457403824234
0.10200000000000000733,  0.54552411640917908286
0.10300000000000000822,  0.54810307875030261915
0.10400000000000000910,  0.55064634039536930477
0.10499999999999999611,  0.55315425657224004397
0.10599999999999999700,  0.55562717897419966473
0.10699999999999999789,  0.55806545579512623068
0.10799999999999999878,  0.56046943176431096578
0.10899999999999999967,  0.56283944818093123441
0.11000000000000000056,  0.56517584294818079549
0.11100000000000000144,  0.56747895060706055048
0.11200000000000000233,  0.56974910236983278278
0.11300000000000000322,  0.57198662615314277424
0.11400000000000000411,  0.57419184661081046350
0.11500000000000000500,  0.57636508516629669785
0.11600000000000000588,  0.57850666004484507798
0.11700000000000000677,  0.58061688630530516875
0.11800000000000000766,  0.58269607587163863016
0.11900000000000000855,  0.58474453756411204353
0.11999999999999999556,  0.58676257713017876405
0.12099999999999999645,  0.58875049727505424091
0.12199999999999999734,  0.59070859769198680311
0.12299999999999999822,  0.59263717509222690882
0.12399999999999999911,  0.59453652323469885488
0.12500000000000000000,  0.59640693295537683394
0.12600000000000000089,  0.59824869219636889195
0.12700000000000000178,  0.60006208603471089535
0.12800000000000000266,  0.60184739671087505997
0.12900000000000000355,  0.60360490365699404069
0.13000000000000000444,  0.60533488352480391281
0.13100000000000000533,  0.60703761021331059666
0.13200000000000000622,  0.60871335489617861558
0.13300000000000000711,  0.61036238604885018066
0.13400000000000000799,  0.61198496947539171575
0.13500000000000000888,  0.61358136833507515018
0.13600000000000000977,  0.61515184316869386816
0.13700000000000001066,  0.61669665192461720071
0.13800000000000001155,  0.61821604998458534741
0.13900000000000001243,  0.61971029018924750353
0.14000000000000001332,  0.62117962286344641232
0.14100000000000001421,  0.62262429584125122961
0.14200000000000001510,  0.62404455449074058837
0.14300000000000001599,  0.62544064173854019284
0.14400000000000001688,  0.62681279809411549753
0.14499999999999999001,  0.62816126167382257961
0.14599999999999999090,  0.62948626822472031339
0.14699999999999999178,  0.63078805114814506805
0.14799999999999999267,  0.63206684152305103730
0.14899999999999999356,  0.63332286812911853247
0.14999999999999999445,  0.63455635746963223731
0.15099999999999999534,  0.63576753379413109002
0.15199999999999999623,  0.63695661912083390011
0.15299999999999999711,  0.63812383325884147744
0.15399999999999999800,  0.63926939383011738283
0.15499999999999999889,  0.64039351629125051968
0.15599999999999999978,  0.64149641395500101027
0.15700000000000000067,  0.64257829801163146577
0.15800000000000000155,  0.64363937755002620378
0.15900000000000000244,  0.64467985957860041157
0.16000000000000000333,  0.64569994904600125363
0.16100000000000000422,  0.64669984886160269966
0.16200000000000000511,  0.64767975991579662676
0.16300000000000000600,  0.64863988110008208299
0.16400000000000000688,  0.64958040932695493286
0.16500000000000000777,  0.65050153954959866187
0.16600000000000000866,  0.65140346478138033692
0.16700000000000000955,  0.65228637611515172257
0.16800000000000001044,  0.65315046274235932788
0.16900000000000001132,  0.65399591197196305092
0.17000000000000001221,  0.65482290924916730646
0.17100000000000001310,  0.65563163817396641342
0.17200000000000001399,  0.65642228051950379797
0.17300000000000001488,  0.65719501625025000813
0.17400000000000001577,  0.65795002353999920697
0.17500000000000001665,  0.65868747878968669784
0.17599999999999998979,  0.65940755664502925804
0.17699999999999999067,  0.66011043001398961305
0.17799999999999999156,  0.66079627008406727207
0.17899999999999999245,  0.66146524633941805593
0.17999999999999999334,  0.66211752657780209574
0.18099999999999999423,  0.66275327692736385465
0.18199999999999999512,  0.66337266186324539419
0.18299999999999999600,  0.66397584422403366222
0.18399999999999999689,  0.66456298522804446716
0.18499999999999999778,  0.66513424448944458156
0.18599999999999999867,  0.66568978003421330758
0.18699999999999999956,  0.66622974831594539147
0.18800000000000000044,  0.66675430423149595338
0.18900000000000000133,  0.66726360113647076311
0.19000000000000000222,  0.66775779086056186173
0.19100000000000000311,  0.66823702372273063865
0.19200000000000000400,  0.66870144854623991826
0.19300000000000000488,  0.66915121267353605550
0.19400000000000000577,  0.66958646198098381586
0.19500000000000000666,  0.67000734089345381772
0.19600000000000000755,  0.67041399239876520166
0.19700000000000000844,  0.67080655806198430380
0.19800000000000000933,  0.67118517803958188672
0.19900000000000001021,  0.67154999109344837294
0.20000000000000001110,  0.67190113460477041141
0.20100000000000001199,  0.67223874458776866625
0.20200000000000001288,  0.67256295570330015821
0.20300000000000001377,  0.67287390127232371562
0.20400000000000001465,  0.67317171328923242068
0.20500000000000001554,  0.67345652243505327306
0.20600000000000001643,  0.67372845809051540300
0.20700000000000001732,  0.67398764834898794440
0.20800000000000001821,  0.67423422002929001007
0.20899999999999999134,  0.67446829868837221422
0.20999999999999999223,  0.67469000863387262878
0.21099999999999999312,  0.67489947293654761751
0.21199999999999999400,  0.67509681344257932434
0.21299999999999999489,  0.67528215078575992703
0.21399999999999999578,  0.67545560439955520948
0.21499999999999999667,  0.67561729252904834109
0.21599999999999999756,  0.67576733224276419598
0.21699999999999999845,  0.67590583944437621078
0.21799999999999999933,  0.67603292888429711294
0.21900000000000000022,  0.67614871417115385288
0.22000000000000000111,  0.67625330778314896030
0.22100000000000000200,  0.67634682107930788053
0.22200000000000000289,  0.67642936431061517766
0.22300000000000000377,  0.67650104663104004832
0.22400000000000000466,  0.67656197610845125734
0.22500000000000000555,  0.67661225973542449275
0.22600000000000000644,  0.67665200343994147403
0.22700000000000000733,  0.67668131209598303411
0.22800000000000000822,  0.67670028953401617500
0.22900000000000000910,  0.67670903855137787275
0.23000000000000000999,  0.67670766092255407731
0.23100000000000001088,  0.67669625740935812619
0.23200000000000001177,  0.67667492777100612944
0.23300000000000001266,  0.67664377077409365580
0.23400000000000001354,  0.67660288420247205465
0.23500000000000001443,  0.67655236486702752252
0.23600000000000001532,  0.67649230861536158166
0.23700000000000001621,  0.67642281034137596851
0.23800000000000001710,  0.67634396399476259809
0.23900000000000001799,  0.67625586259039816017
0.23999999999999999112,  0.67615859821764601190
0.24099999999999999201,  0.67605226204956481162
0.24199999999999999289,  0.67593694435202644755
0.24299999999999999378,  0.67581273449274215093
0.24399999999999999467,  0.67567972095019968037
0.24499999999999999556,  0.67553799132251113324
0.24599999999999999645,  0.67538763233617260529
0.24699999999999999734,  0.67522872985473736396
0.24799999999999999822,  0.67506136888740198021
0.24899999999999999911,  0.67488563359750730619
0.25000000000000000000,  0.67470160731095518702
0.25100000000000000089,  0.67450937252454057358
0.25200000000000000178,  0.67430901091420192284
0.25300000000000000266,  0.67410060334318833153
0.25400000000000000355,  0.67388422987014606758
0.25500000000000000444,  0.67365996975712472139
0.25600000000000000533,  0.67342790147750331009
0.25700000000000000622,  0.67318810272383755589
0.25800000000000000711,  0.67294065041562944884
0.25900000000000000799,  0.67268562070701909406
0.26000000000000000888,  0.67242308899440006442
0.26100000000000000977,  0.67215312992395970237
0.26200000000000001066,  0.67187581739914303824
0.26300000000000001155,  0.67159122458804365596
0.26400000000000001243,  0.67129942393072039586
0.26500000000000001332,  0.67100048714644155989
0.26600000000000001421,  0.67069448524085684138
0.26700000000000001510,  0.67038148851309753429
0.26800000000000001599,  0.67006156656280713158
0.26900000000000001688,  0.66973478829710142435
0.27000000000000001776,  0.66940122193745854595
0.27100000000000001865,  0.66906093502654162553
0.27200000000000001954,  0.66871399443495327386
0.27300000000000002043,  0.66836046636792234565
0.27400000000000002132,  0.66800041637192453248
0.27500000000000002220,  0.66763390934123734155
0.27600000000000002309,  0.66726100952442957137
0.27700000000000002398,  0.66688178053078583929
0.27800000000000002487,  0.66649628533666804842
0.27900000000000002576,  0.66610458629181246160
0.28000000000000002665,  0.66570674512556538005
0.28100000000000002753,  0.66530282295305587237
0.28200000000000002842,  0.66489288028130699715
0.28300000000000002931,  0.66447697701528729564
0.28400000000000003020,  0.66405517246390066699
0.28500000000000003109,  0.66362752534591751274
0.28600000000000003197,  0.66319409379584703945
0.28700000000000003286,  0.66275493536974994235
0.28800000000000003375,  0.66231010705099480074
0.28899999999999997913,  0.66185966525595629761
0.28999999999999998002,  0.66140366583965648495
0.29099999999999998090,  0.66094216410135120388
0.29199999999999998179,  0.66047521479005888434
0.29299999999999998268,  0.66000287211003649812
0.29399999999999998357,  0.65952518972619955662
0.29499999999999998446,  0.65904222076948870690
0.29599999999999998535,  0.65855401784218303707
0.29699999999999998623,  0.65806063302315997987
0.29799999999999998712,  0.65756211787310381300
0.29899999999999998801,  0.65705852343966120177
0.29999999999999998890,  0.65654990026254622659
0.30099999999999998979,  0.65603629837859445129
0.30199999999999999067,  0.65551776732676669823
0.30299999999999999156,  0.65499435615310264147
0.30399999999999999245,  0.65446611341562599407
0.30499999999999999334,  0.65393308718919984646
0.30599999999999999423,  0.65339532507033459829
0.30699999999999999512,  0.65285287418194737352
0.30799999999999999600,  0.65230578117807436200
0.30899999999999999689,  0.65175409224853653178
0.30999999999999999778,  0.65119785312355826790
0.31099999999999999867,  0.65063710907834060304
0.31199999999999999956,  0.65007190493758904015
0.31300000000000000044,  0.64950228507999552274
0.31400000000000000133,  0.64892829344267666247
0.31500000000000000222,  0.64834997352556766881
0.31600000000000000311,  0.64776736839577209182
0.31700000000000000400,  0.64718052069186848829
0.31800000000000000488,  0.64658947262817445534
0.31900000000000000577,  0.64599426599896825341
0.32000000000000000666,  0.64539494218266812986
0.32100000000000000755,  0.64479154214597012018
0.32200000000000000844,  0.64418410644794499298
0.32300000000000000933,  0.64357267524409378368
0.32400000000000001021,  0.64295728829036380425
0.32500000000000001110,  0.64233798494712379679
0.32600000000000001199,  0.64171480418310056226
0.32700000000000001288,  0.64108778457927562133
0.32800000000000001377,  0.64045696433274323933
0.32900000000000001465,  0.63982238126053003757
0.33000000000000001554,  0.63918407280337730114
0.33100000000000001643,  0.63854207602948431788
0.33200000000000001732,  0.63789642763821596816
0.33300000000000001821,  0.63724716396377223404
0.33400000000000001910,  0.63659432097882184820
0.33500000000000001998,  0.63593793429809930551
0.33600000000000002087,  0.63527803918196656952
0.33700000000000002176,  0.63461467053993936283
0.33800000000000002265,  0.63394786293417770828
0.33900000000000002354,  0.63327765058294260836
0.34000000000000002442,  0.63260406736401741945
0.34100000000000002531,  0.63192714681809625255
0.34200000000000002620,  0.63124692215213762392
0.34300000000000002709,  0.63056342624268513219
0.34400000000000002798,  0.62987669163915527282
0.34500000000000002887,  0.62918675056709272297
0.34600000000000002975,  0.62849363493139243086
0.34700000000000003064,  0.62779737631949017462
0.34800000000000003153,  0.62709800600452192398
0.34900000000000003242,  0.62639555494845033934
0.35000000000000003331,  0.62569005380516162784
0.35100000000000003419,  0.62498153292353064714
0.35199999999999997957,  0.62427002235045603307
0.35299999999999998046,  0.62355555183386457418
0.35399999999999998135,  0.62283815082568638744
0.35499999999999998224,  0.62211784848479989574
0.35599999999999998312,  0.62139467367994782876
0.35699999999999998401,  0.62066865499262446892
0.35799999999999998490,  0.61993982071993303240
0.35899999999999998579,  0.61920819887741607168
0.35999999999999998668,  0.61847381720185679033
0.36099999999999998757,  0.61773670315405282416
0.36199999999999998845,  0.61699688392156215588
0.36299999999999998934,  0.61625438642142227330
0.36399999999999999023,  0.61550923730284146096
0.36499999999999999112,  0.61476146294986422358
0.36599999999999999201,  0.61401108948400906495
0.36699999999999999289,  0.61325814276688128679
0.36799999999999999378,  0.61250264840275892020
0.36899999999999999467,  0.61174463174115301101
0.36999999999999999556,  0.61098411787934281403
0.37099999999999999645,  0.61022113166488556324
0.37199999999999999734,  0.60945569769810115091
0.37299999999999999822,  0.60868784033453227078
0.37399999999999999911,  0.60791758368737969231
0.37500000000000000000,  0.60714495162991399813
0.37600000000000000089,  0.60636996779786267453
0.37700000000000000178,  0.60559265559177377636
0.37800000000000000266,  0.60481303817935616607
0.37900000000000000355,  0.60403113849779610511
0.38000000000000000444,  0.60324697925605086368
0.38100000000000000533,  0.60246058293712001497
0.38200000000000000622,  0.60167197180029341474
0.38300000000000000711,  0.60088116788337742058
0.38400000000000000799,  0.60008819300489846249
0.38500000000000000888,  0.59929306876628496425
0.38600000000000000977,  0.59849581655402761537
0.38700000000000001066,  0.59769645754181788266
0.38800000000000001155,  0.59689501269266564965
0.38900000000000001243,  0.59609150276099520660
0.39000000000000001332,  0.59528594829472103456
0.39100000000000001421,  0.59447836963730227300
0.39200000000000001510,  0.59366878692977720355
0.39300000000000001599,  0.59285722011277786070
0.39400000000000001688,  0.59204368892852321515
0.39500000000000001776,  0.59122821292279403860
0.39600000000000001865,  0.59041081144688734028
0.39700000000000001954,  0.58959150365955148576
0.39800000000000002043,  0.58877030852890199775
0.39900000000000002132,  0.58794724483431870521
0.40000000000000002220,  0.58712233116832346358
0.40100000000000002309,  0.58629558593843933423
0.40200000000000002398,  0.58546702736903155628
0.40300000000000002487,  0.58463667350312997772
0.40400000000000002576,  0.58380454220423305678
0.40500000000000002665,  0.58297065115809454383
0.40600000000000002753,  0.58213501787449195568
0.40700000000000002842,  0.58129765968897784134
0.40800000000000002931,  0.58045859376461295120
0.40900000000000003020,  0.57961783709368275286
0.41000000000000003109,  0.57877540649939673845
0.41100000000000003197,  0.57793131863757063460
0.41200000000000003286,  0.57708558999829184799
0.41300000000000003375,  0.57623823690756903471
0.41400000000000003464,  0.57538927552896390605
0.41500000000000003553,  0.57453872186520837939
0.41600000000000003642,  0.57368659175980429854
0.41699999999999998179,  0.57283290089860838812
0.41799999999999998268,  0.57197766481140011052
0.41899999999999998357,  0.57112089887343497896
0.41999999999999998446,  0.57026261830698266042
0.42099999999999998535,  0.56940283818284831430
0.42199999999999998623,  0.56854157342188027524
0.42299999999999998712,  0.56767883879646174883
0.42399999999999998801,  0.56681464893198840738
0.42499999999999998890,  0.56594901830833066469
0.42599999999999998979,  0.56508196126128196202
0.42699999999999999067,  0.56421349198399206593
0.42799999999999999156,  0.56334362452838693258
0.42899999999999999245,  0.56247237280657325087
0.42999999999999999334,  0.56159975059222988492
0.43099999999999999423,  0.56072577152198532779
0.43199999999999999512,  0.55985044909678127745
0.43299999999999999600,  0.55897379668322300095
0.43399999999999999689,  0.55809582751491559893
0.43499999999999999778,  0.55721655469378783554
0.43599999999999999867,  0.55633599119140209055
0.43699999999999999956,  0.55545414985025132193
0.43800000000000000044,  0.55457104338504381591
0.43900000000000000133,  0.55368668438397405929
0.44000000000000000222,  0.55280108530998239846
0.44100000000000000311,  0.55191425850200037662
0.44200000000000000400,  0.55102621617618541272
0.44300000000000000488,  0.55013697042714204688
0.44400000000000000577,  0.54924653322913141729
0.44500000000000000666,  0.54835491643726874678
0.44600000000000000755,  0.54746213178870906102
0.44700000000000000844,  0.54656819090382058324
0.44800000000000000933,  0.54567310528734713770
0.44900000000000001021,  0.54477688632955811876
0.45000000000000001110,  0.54387954530738813474
0.45100000000000001199,  0.54298109338556421744
0.45200000000000001288,  0.54208154161772270641
0.45300000000000001377,  0.54118090094751425401
0.45400000000000001465,  0.54027918220969850527
0.45500000000000001554,  0.53937639613122745352
0.45600000000000001643,  0.53847255333231802688
0.45700000000000001732,  0.53756766432751423856
0.45800000000000001821,  0.53666173952673867920
0.45900000000000001910,  0.53575478923633346184
0.46000000000000001998,  0.53484682366009084209
0.46100000000000002087,  0.53393785290027384605
0.46200000000000002176,  0.53302788695862601820
0.46300000000000002265,  0.53211693573737206542
0.46400000000000002354,  0.53120500904020795385
0.46500000000000002442,  0.53029211657328101381
0.46600000000000002531,  0.52937826794616116288
0.46700000000000002620,  0.52846347267280102677
0.46800000000000002709,  0.52754774017248817763
0.46900000000000002798,  0.52663107977078660316
0.47000000000000002887,  0.52571350070046951597
0.47100000000000002975,  0.52479501210244228204
0.47200000000000003064,  0.52387562302665668934
0.47300000000000003153,  0.52295534243301644572
0.47400000000000003242,  0.52203417919227224075
0.47500000000000003331,  0.52111214208690948002
0.47600000000000003419,  0.52018923981202636053
0.47700000000000003508,  0.51926548097620350841
0.47800000000000003597,  0.51834087410236473481
0.47900000000000003686,  0.51741542762862924310
0.47999999999999998224,  0.51648914990915550938
0.48099999999999998312,  0.51556204921497694738
0.48199999999999998401,  0.51463413373482858049
0.48299999999999998490,  0.51370541157596627535
0.48399999999999998579,  0.51277589076497742671
0.48499999999999998668,  0.51184557924858342659
0.48599999999999998757,  0.51091448489443458403
0.48699999999999998845,  0.50998261549189660702
0.48799999999999998934,  0.50904997875282986808
0.48899999999999999023,  0.50811658231236034311
0.48999999999999999112,  0.50718243372964333382
0.49099999999999999201,  0.50624754048861941857
0.49199999999999999289,  0.50531190999876229863
0.49299999999999999378,  0.50437554959582053815
0.49399999999999999467,  0.50343846654255064443
0.49499999999999999556,  0.50250066802944359790
0.49599999999999999645,  0.50156216117544372146
0.49699999999999999734,  0.50062295302866066660
0.49799999999999999822,  0.49968305056707412737
0.49899999999999999911,  0.49874246069923183766
0.50000000000000000000,  0.49780119026494040746
0.50100000000000000089,  0.49685924603594910920
0.50200000000000000178,  0.49591663471662716933
0.50300000000000000266,  0.49497336294463434303
0.50400000000000000355,  0.49402943729158455000
0.50500000000000000444,  0.49308486426370290445
0.50600000000000000533,  0.49213965030247663890
0.50700000000000000622,  0.49119380178529908898
0.50800000000000000711,  0.49024732502610746110
0.50900000000000000799,  0.48930022627601421625
0.51000000000000000888,  0.48835251172393223662
0.51100000000000000977,  0.48740418749719371938
0.51200000000000001066,  0.48645525966216285330
0.51300000000000001155,  0.48550573422484255559
0.51400000000000001243,  0.48455561713147482505
0.51500000000000001332,  0.48360491426913582158
0.51600000000000001421,  0.48265363146632411784
0.51700000000000001510,  0.48170177449354378840
0.51800000000000001599,  0.48074934906388150369
0.51900000000000001688,  0.47979636083357773968
0.52000000000000001776,  0.47884281540259243659
0.52100000000000001865,  0.47788871831516516187
0.52200000000000001954,  0.47693407506036911148
0.52300000000000002043,  0.47597889107266033726
0.52400000000000002132,  0.47502317173242136761
0.52500000000000002220,  0.47406692236649877747
0.52600000000000002309,  0.47311014824873631746
0.52700000000000002398,  0.47215285460050199218
0.52800000000000002487,  0.47119504659121036472
0.52900000000000002576,  0.47023672933883942093
0.53000000000000002665,  0.46927790791044243779
0.53100000000000002753,  0.46831858732265485568
0.53200000000000002842,  0.46735877254219548860
0.53300000000000002931,  0.46639846848636368204
0.53400000000000003020,  0.46543768002353064217
0.53500000000000003109,  0.46447641197362665721
0.53600000000000003197,  0.46351466910862271220
0.53700000000000003286,  0.46255245615300805140
0.53800000000000003375,  0.46158977778426235616
0.53900000000000003464,  0.46062663863332364844
0.54000000000000003553,  0.45966304328505142029
0.54100000000000003642,  0.45869899627868498948
0.54200000000000003730,  0.45773450210829746965
0.54300000000000003819,  0.45676956522324513310
0.54400000000000003908,  0.45580419002861249922
0.54500000000000003997,  0.45483838088565287094
0.54600000000000004086,  0.45387214211222415283
0.54700000000000004174,  0.45290547798322094986
0.54800000000000004263,  0.45193839273100200327
0.54900000000000004352,  0.45097089054581318557
0.55000000000000004441,  0.45000297557620694278
0.55100000000000004530,  0.44903465192945685169
0.55200000000000004619,  0.44806592367196845794
0.55300000000000004707,  0.44709679482968578412
0.55400000000000004796,  0.44612726938849422975
0.55500000000000004885,  0.44515735129461880826
0.55600000000000004974,  0.44418704445501910882
0.55700000000000005063,  0.44321635273777959529
0.55800000000000005151,  0.44224527997249685196
0.55900000000000005240,  0.44127382995066227744
0.56000000000000005329,  0.44030200642604122585
0.56100000000000005418,  0.43932981311504848421
0.56200000000000005507,  0.43835725369712003063
0.56300000000000005596,  0.43738433181508074021
0.56400000000000005684,  0.43641105107550870468
0.56500000000000005773,  0.43543741504909599938
0.56600000000000005862,  0.43446342727100589753
0.56700000000000005951,  0.43348909124122592118
0.56800000000000006040,  0.43251441042491833855
0.56900000000000006128,  0.43153938825276638713
0.57000000000000006217,  0.43056402812131749913
0.57100000000000006306,  0.42958833339332275214
0.57200000000000006395,  0.42861230739807354428
0.57300000000000006484,  0.42763595343173416152
0.57400000000000006573,  0.42665927475767145838
0.57500000000000006661,  0.42568227460678120799
0.57600000000000006750,  0.42470495617781128805
0.57699999999999995737,  0.42372732263768159156
0.57799999999999995826,  0.42274937712180044036
0.57899999999999995914,  0.42177112273437844525
0.57999999999999996003,  0.42079256254873886878
0.58099999999999996092,  0.41981369960762482396
0.58199999999999996181,  0.41883453692350347541
0.58299999999999996270,  0.41785507747886774244
0.58399999999999996358,  0.41687532422653400532
0.58499999999999996447,  0.41589528008993770225
0.58599999999999996536,  0.41491494796342553997
0.58699999999999996625,  0.41393433071254515099
0.58799999999999996714,  0.41295343117433130908
0.58899999999999996803,  0.41197225215758992434
0.58999999999999996891,  0.41099079644317881854
0.59099999999999996980,  0.41000906678428578056
0.59199999999999997069,  0.40902706590670406817
0.59299999999999997158,  0.40804479650910457922
0.59399999999999997247,  0.40706226126330619097
0.59499999999999997335,  0.40607946281454265769
0.59599999999999997424,  0.40509640378172734332
0.59699999999999997513,  0.40411308675771484555
0.59799999999999997602,  0.40312951430956039944
0.59899999999999997691,  0.40214568897877672748
0.59999999999999997780,  0.40116161328158805865
0.60099999999999997868,  0.40017728970918170495
0.60199999999999997957,  0.39919272072795730644
0.60299999999999998046,  0.39820790877977346733
0.60399999999999998135,  0.39722285628219167197
0.60499999999999998224,  0.39623756562871853548
0.60599999999999998312,  0.39525203918904466827
0.60699999999999998401,  0.39426627930928204169
0.60799999999999998490,  0.39328028831219830064
0.60899999999999998579,  0.39229406849744918873
0.60999999999999998668,  0.39130762214180869751
0.61099999999999998757,  0.39032095149939627365
0.61199999999999998845,  0.38933405880190252724
0.61299999999999998934,  0.38834694625881249763
0.61399999999999999023,  0.38735961605762647686
0.61499999999999999112,  0.38637207036407866800
0.61599999999999999201,  0.38538431132235378973
0.61699999999999999289,  0.38439634105530173791
0.61799999999999999378,  0.38340816166464969372
0.61899999999999999467,  0.38241977523121228888
0.61999999999999999556,  0.38143118381509955039
0.62099999999999999645,  0.38044238945592318002
0.62199999999999999734,  0.37945339417300028018
0.62299999999999999822,  0.37846419996555569210
0.62399999999999999911,  0.37747480881292139188
0.62500000000000000000,  0.37648522267473483183
0.62600000000000000089,  0.37549544349113461728
0.62700000000000000178,  0.37450547318295468457
0.62800000000000000266,  0.37351531365191642520
0.62900000000000000355,  0.37252496678081881143
0.63000000000000000444,  0.37153443443372646815
0.63100000000000000533,  0.37054371845615635683
0.63200000000000000622,  0.36955282067526229461
0.63300000000000000711,  0.36856174290001764149
0.63400000000000000799,  0.36757048692139615564
0.63500000000000000888,  0.36657905451255096141
0.63600000000000000977,  0.36558744742899212943
0.63700000000000001066,  0.36459566740876209190
0.63800000000000001155,  0.36360371617260950350
0.63900000000000001243,  0.36261159542416121493
0.64000000000000001332,  0.36161930685009280317
0.64100000000000001421,  0.36062685212029710335
0.64200000000000001510,  0.35963423288805118627
0.64300000000000001599,  0.35864145079018183715
0.64400000000000001688,  0.35764850744722898046
0.64500000000000001776,  0.35665540446360810556
0.64600000000000001865,  0.35566214342777036084
0.64700000000000001954,  0.35466872591236159318
0.64800000000000002043,  0.35367515347437955553
0.64900000000000002132,  0.35268142765532956018
0.65000000000000002220,  0.35168754998137879975
0.65100000000000002309,  0.35069352196350872530
0.65200000000000002398,  0.34969934509766642527
0.65300000000000002487,  0.34870502086491389493
0.65400000000000002576,  0.34771055073157636217
0.65500000000000002665,  0.34671593614938900352
0.65600000000000002753,  0.34572117855564177269
0.65700000000000002842,  0.34472627937332356307
0.65800000000000002931,  0.34373124001126414973
0.65900000000000003020,  0.34273606186427518772
0.66000000000000003109,  0.34174074631328987817
0.66100000000000003197,  0.34074529472550085796
0.66200000000000003286,  0.33974970845449686818
0.66300000000000003375,  0.33875398884039831238
0.66400000000000003464,  0.33775813720999120493
0.66500000000000003553,  0.33676215487685967620
0.66600000000000003642,  0.33576604314151758945
0.66700000000000003730,  0.33476980329153838145
0.66800000000000003819,  0.33377343660168407036
0.66900000000000003908,  0.33277694433403248730
0.67000000000000003997,  0.33178032773810361977
0.67100000000000004086,  0.33078358805098445616
0.67200000000000004174,  0.32978672649745283119
0.67300000000000004263,  0.32878974429009977243
0.67400000000000004352,  0.32779264262945095876
0.67500000000000004441,  0.32679542270408645788
0.67600000000000004530,  0.32579808569075990876
0.67700000000000004619,  0.32480063275451598326
0.67800000000000004707,  0.32380306504880701501
0.67900000000000004796,  0.32280538371560824062
0.68000000000000004885,  0.32180758988553198607
0.68100000000000004974,  0.32080968467794096499
0.68200000000000005063,  0.31981166920105996709
0.68300000000000005151,  0.31881354455208676946
0.68400000000000005240,  0.31781531181730188207
0.68500000000000005329,  0.31681697207217701662
0.68600000000000005418,  0.31581852638148288914
0.68700000000000005507,  0.31481997579939546839
0.68800000000000005596,  0.31382132136960161350
0.68900000000000005684,  0.31282256412540326851
0.69000000000000005773,  0.31182370508982082402
0.69100000000000005862,  0.31082474527569542433
0.69200000000000005951,  0.30982568568579038626
0.69300000000000006040,  0.30882652731289128578
0.69400000000000006128,  0.30782727113990537848
0.69500000000000006217,  0.30682791813995974328
0.69600000000000006306,  0.30582846927649876001
0.69700000000000006395,  0.30482892550338031024
0.69800000000000006484,  0.30382928776497125645
0.69900000000000006573,  0.30282955699624186652
0.70000000000000006661,  0.30182973412285923898
0.70100000000000006750,  0.30082982006128011765
0.70200000000000006839,  0.29982981571884215199
0.70300000000000006928,  0.29882972199385493539
0.70399999999999995914,  0.29782953977568960013
0.70499999999999996003,  0.29682926994486802386
0.70599999999999996092,  0.29582891337315070368
0.70699999999999996181,  0.29482847092362401975
0.70799999999999996270,  0.29382794345078649956
0.70899999999999996358,  0.29282733180063413858
0.70999999999999996447,  0.29182663681074527684
0.71099999999999996536,  0.29082585931036403215
0.71199999999999996625,  0.28982500012048351135
0.71299999999999996714,  0.28882406005392785575
0.71399999999999996803,  0.28782303991543345401
0.71499999999999996891,  0.28682194050172937771
0.71599999999999996980,  0.28582076260161715098
0.71699999999999997069,  0.28481950699604963173
0.71799999999999997158,  0.28381817445820906043
0.71899999999999997247,  0.28281676575358427606
0.71999999999999997335,  0.28181528164004743253
0.72099999999999997424,  0.28081372286792977144
0.72199999999999997513,  0.27981209018009650658
0.72299999999999997602,  0.27881038431202137540
0.72399999999999997691,  0.27780860599185991378
0.72499999999999997780,  0.27680675594052245314
0.72599999999999997868,  0.27580483487174611845
0.72699999999999997957,  0.27480284349216621553
0.72799999999999998046,  0.27380078250138695228
0.72899999999999998135,  0.27279865259205132721
0.72999999999999998224,  0.27179645444991046288
0.73099999999999998312,  0.27079418875389210664
0.73199999999999998401,  0.26979185617616852078
0.73299999999999998490,  0.26878945738222381756
0.73399999999999998579,  0.26778699303092040607
0.73499999999999998668,  0.26678446377456488392
0.73599999999999998757,  0.26578187025897331841
0.73699999999999998845,  0.26477921312353580596
0.73799999999999998934,  0.26377649300128036547
0.73899999999999999023,  0.26277371051893633203
0.73999999999999999112,  0.26177086629699697351
0.74099999999999999201,  0.26076796094978149654
0.74199999999999999289,  0.25976499508549655282
0.74299999999999999378,  0.25876196930629702386
0.74399999999999999467,  0.25775888420834630610
0.74499999999999999556,  0.25675574038187581882
0.74599999999999999645,  0.25575253841124406806
0.74699999999999999734,  0.25474927887499515533
0.74799999999999999822,  0.25374596234591662025
0.74899999999999999911,  0.25274258939109645050
0.75000000000000000000,  0.25173916057198020280
0.75100000000000000089,  0.25073567644442695812
0.75200000000000000178,  0.24973213755876480513
0.75300000000000000266,  0.24872854445984610150
0.75400000000000000355,  0.24772489768710170832
0.75500000000000000444,  0.24672119777459514123
0.75600000000000000533,  0.24571744525107586110
0.75700000000000000622,  0.24471364064003217620
0.75800000000000000711,  0.24370978445974361692
0.75900000000000000799,  0.24270587722333278324
0.76000000000000000888,  0.24170191943881658148
0.76100000000000000977,  0.24069791160915704475
0.76200000000000001066,  0.23969385423231165388
0.76300000000000001155,  0.23868974780128315860
0.76400000000000001243,  0.23768559280416884372
0.76500000000000001332,  0.23668138972420932342
0.76600000000000001421,  0.23567713903983686374
0.76700000000000001510,  0.23467284122472331642
0.76800000000000001599,  0.23366849674782738666
0.76900000000000001688,  0.23266410607344154005
0.77000000000000001776,  0.23165966966123852089
0.77100000000000001865,  0.23065518796631720444
0.77200000000000001954,  0.22965066143924817155
0.77300000000000002043,  0.22864609052611872819
0.77400000000000002132,  0.22764147566857764748
0.77500000000000002220,  0.22663681730387905122
0.77600000000000002309,  0.22563211586492634697
0.77700000000000002398,  0.22462737178031555452
0.77800000000000002487,  0.22362258547437810496
0.77900000000000002576,  0.22261775736722319574
0.78000000000000002665,  0.22161288787477989581
0.78100000000000002753,  0.22060797740883866802
0.78200000000000002842,  0.21960302637709266937
0.78300000000000002931,  0.21859803518317838522
0.78400000000000003020,  0.21759300422671606912
0.78500000000000003109,  0.21658793390334965534
0.78600000000000003197,  0.21558282460478642162
0.78700000000000003286,  0.21457767671883606897
0.78800000000000003375,  0.21357249062944949625
0.78900000000000003464,  0.21256726671675721385
0.79000000000000003553,  0.21156200535710745214
0.79100000000000003642,  0.21055670692310363146
0.79200000000000003730,  0.20955137178364172112
0.79300000000000003819,  0.20854600030394715438
0.79400000000000003908,  0.20754059284561127141
0.79500000000000003997,  0.20653514976662751268
0.79600000000000004086,  0.20552967142142730683
0.79700000000000004174,  0.20452415816091534806
0.79800000000000004263,  0.20351861033250479016
0.79900000000000004352,  0.20251302828015202429
0.80000000000000004441,  0.20150741234439090155
0.80100000000000004530,  0.20050176286236698342
0.80200000000000004619,  0.19949608016787118148
0.80300000000000004707,  0.19849036459137306410
0.80400000000000004796,  0.19748461646005407988
0.80500000000000004885,  0.19647883609784008718
0.80600000000000004974,  0.19547302382543385590
0.80700000000000005063,  0.19446717996034706966
0.80800000000000005151,  0.19346130481693221692
0.80900000000000005240,  0.19245539870641381608
0.81000000000000005329,  0.19144946193691969594
0.81100000000000005418,  0.19044349481351177666
0.81200000000000005507,  0.18943749763821648990
0.81300000000000005596,  0.18843147071005517112
0.81400000000000005684,  0.18742541432507381360
0.81500000000000005773,  0.18641932877637262811
0.81600000000000005862,  0.18541321435413549157
0.81700000000000005951,  0.18440707134565884062
0.81800000000000006040,  0.18340090003538053742
0.81900000000000006128,  0.18239470070490818032
0.82000000000000006217,  0.18138847363304741456
0.82100000000000006306,  0.18038221909582963232
0.82200000000000006395,  0.17937593736653972831
0.82300000000000006484,  0.17836962871574335576
0.82400000000000006573,  0.17736329341131390480
0.82500000000000006661,  0.17635693171845950866
0.82600000000000006750,  0.17535054389974932820
0.82700000000000006839,  0.17434413021514005848
0.82800000000000006928,  0.17333769092200165818
0.82900000000000007017,  0.17233122627514327330
0.83000000000000007105,  0.17132473652683863352
0.83100000000000007194,  0.17031822192685128203
0.83200000000000007283,  0.16931168272245958328
0.83299999999999996270,  0.16830511915848145321
0.83399999999999996358,  0.16729853147729881191
0.83499999999999996447,  0.16629191991888189750
0.83599999999999996536,  0.16528528472081313594
0.83699999999999996625,  0.16427862611831101081
0.83799999999999996714,  0.16327194434425354452
0.83899999999999996803,  0.16226523962920152977
0.83999999999999996891,  0.16125851220142167763
0.84099999999999996980,  0.16025176228690940494
0.84199999999999997069,  0.15924499010941145505
0.84299999999999997158,  0.15823819589044824108
0.84399999999999997247,  0.15723137984933593936
0.84499999999999997335,  0.15622454220320861062
0.84599999999999997424,  0.15521768316703973833
0.84699999999999997513,  0.15421080295366379476
0.84799999999999997602,  0.15320390177379752950
0.84899999999999997691,  0.15219697983606100822
0.84999999999999997780,  0.15119003734699845709
0.85099999999999997868,  0.15018307451109902395
0.85199999999999997957,  0.14917609153081712314
0.85299999999999998046,  0.14816908860659269709
0.85399999999999998135,  0.14716206593687125581
0.85499999999999998224,  0.14615502371812377769
0.85599999999999998312,  0.14514796214486636039
0.85699999999999998401,  0.14414088140967959428
0.85799999999999998490,  0.14313378170322785254
0.85899999999999998579,  0.14212666321427835925
0.85999999999999998668,  0.14111952612972011867
0.86099999999999998757,  0.14011237063458248375
0.86199999999999998845,  0.13910519691205383563
0.86299999999999998934,  0.13809800514349970801
0.86399999999999999023,  0.13709079550848102258
0.86499999999999999112,  0.13608356818477213013
0.86599999999999999201,  0.13507632334837840760
0.86699999999999999289,  0.13406906117355399388
0.86799999999999999378,  0.13306178183281913707
0.86899999999999999467,  0.13205448549697754168
0.86999999999999999556,  0.13104717233513332730
0.87099999999999999645,  0.13003984251470801503
0.87199999999999999734,  0.12903249620145729182
0.87299999999999999822,  0.12802513355948746954
0.87399999999999999911,  0.12701775475127202730
0.87500000000000000000,  0.12601035993766779297
0.87600000000000000089,  0.12500294927793104138
0.87700000000000000178,  0.12399552292973345380
0.87800000000000000266,  0.12298808104917779982
0.87900000000000000355,  0.12198062379081363316
0.88000000000000000444,  0.12097315130765268210
0.88100000000000000533,  0.11996566375118421222
0.88200000000000000622,  0.11895816127139013929
0.88300000000000000711,  0.11795064401676004506
0.88400000000000000799,  0.11694311213430598484
0.88500000000000000888,  0.11593556576957726734
0.88600000000000000977,  0.11492800506667491534
0.88700000000000001066,  0.11392043016826615409
0.88800000000000001155,  0.11291284121559862219
0.88900000000000001243,  0.11190523834851454077
0.89000000000000001332,  0.11089762170546466069
0.89100000000000001421,  0.10988999142352212646
0.89200000000000001510,  0.10888234763839618746
0.89300000000000001599,  0.10787469048444575659
0.89400000000000001688,  0.10686702009469288555
0.89500000000000001776,  0.10585933660083599039
0.89600000000000001865,  0.10485164013326311871
0.89700000000000001954,  0.10384393082106485595
0.89800000000000002043,  0.10283620879204737053
0.89900000000000002132,  0.10182847417274512591
0.90000000000000002220,  0.10082072708843356490
0.90100000000000002309,  0.09981296766314159963
0.90200000000000002398,  0.09880519601966401833
0.90300000000000002487,  0.09779741227957379490
0.90400000000000002576,  0.09678961656323425977
0.90500000000000002665,  0.09578180898981107638
0.90600000000000002753,  0.09477398967728418999
0.90700000000000002842,  0.09376615874245965154
0.90800000000000002931,  0.09275831630098127500
0.90900000000000003020,  0.09175046246734214206
0.91000000000000003109,  0.09074259735489616230
0.91100000000000003197,  0.08973472107586934199
0.91200000000000003286,  0.08872683374137101120
0.91300000000000003375,  0.08771893546140493991
0.91400000000000003464,  0.08671102634488035699
0.91500000000000003553,  0.08570310649962283034
0.91600000000000003642,  0.08469517603238500836
0.91700000000000003730,  0.08368723504885740294
0.91800000000000003819,  0.08267928365367881172
0.91900000000000003908,  0.08167132195044690679
0.92000000000000003997,  0.08066335004172853207
0.92100000000000004086,  0.07965536802906997282
0.92200000000000004174,  0.07864737601300711423
0.92300000000000004263,  0.07763937409307548887
0.92400000000000004352,  0.07663136236782025490
0.92500000000000004441,  0.07562334093480599373
0.92600000000000004530,  0.07461530989062650776
0.92700000000000004619,  0.07360726933091452096
0.92800000000000004707,  0.07259921935035112961
0.92900000000000004796,  0.07159116004267540578
0.93000000000000004885,  0.07058309150069365379
0.93100000000000004974,  0.06957501381628876380
0.93200000000000005063,  0.06856692708042934348
0.93300000000000005151,  0.06755883138317887726
0.93400000000000005240,  0.06655072681370470533
0.93500000000000005329,  0.06554261346028693314
0.93600000000000005418,  0.06453449141032725767
0.93700000000000005507,  0.06352636075035771046
0.93800000000000005596,  0.06251822156604931735
0.93900000000000005684,  0.06151007394222066799
0.94000000000000005773,  0.06050191796284640211
0.94100000000000005862,  0.05949375371106557092
0.94200000000000005951,  0.05848558126919000538
0.94300000000000006040,  0.05747740071871250411
0.94400000000000006128,  0.05646921214031501435
0.94500000000000006217,  0.05546101561387666024
0.94600000000000006306,  0.05445281121848177114
0.94700000000000006395,  0.05344459903242778503
0.94800000000000006484,  0.05243637913323305477
0.94900000000000006573,  0.05142815159764461269
0.95000000000000006661,  0.05041991650164582422
0.95100000000000006750,  0.04941167392046404844
0.95200000000000006839,  0.04840342392857810427
0.95300000000000006928,  0.04739516659972572293
0.95400000000000007017,  0.04638690200691093779
0.95500000000000007105,  0.04537863022241138411
0.95600000000000007194,  0.04437035131778552244
0.95700000000000007283,  0.04336206536387979954
0.95800000000000007372,  0.04235377243083571913
0.95900000000000007461,  0.04134547258809687098
0.95999999999999996447,  0.04033716590441586286
0.96099999999999996536,  0.03932885244786120393
0.96199999999999996625,  0.03832053228582411875
0.96299999999999996714,  0.03731220548502527101
0.96399999999999996803,  0.03630387211152143884
0.96499999999999996891,  0.03529553223071213441
0.96599999999999996980,  0.03428718590734611965
0.96699999999999997069,  0.03327883320552790791
0.96799999999999997158,  0.03227047418872416168
0.96899999999999997247,  0.03126210891977003470
0.96999999999999997335,  0.03025373746087546903
0.97099999999999997424,  0.02924535987363140188
0.97199999999999997513,  0.02823697621901592389
0.97299999999999997602,  0.02722858655740039227
0.97399999999999997691,  0.02622019094855545379
0.97499999999999997780,  0.02521178945165703650
0.97599999999999997868,  0.02420338212529224778
0.97699999999999997957,  0.02319496902746524813
0.97799999999999998046,  0.02218655021560304169
0.97899999999999998135,  0.02117812574656123201
0.97999999999999998224,  0.02016969567662969462
0.98099999999999998312,  0.01916126006153821143
0.98199999999999998401,  0.01815281895646204610
0.98299999999999998490,  0.01714437241602746048
0.98399999999999998579,  0.01613592049431717551
0.98499999999999998668,  0.01512746324487578183
0.98599999999999998757,  0.01411900072071508444
0.98699999999999998845,  0.01311053297431941968
0.98799999999999998934,  0.01210206005765089229
0.98899999999999999023,  0.01109358202215457792
0.98999999999999999112,  0.01008509891876366478
0.99099999999999999201,  0.00907661079790454683
0.99199999999999999289,  0.00806811770950186490
0.99299999999999999378,  0.00705961970298350436
0.99399999999999999467,  0.00605111682728553396
0.99499999999999999556,  0.00504260913085709944
0.99599999999999999645,  0.00403409666166527122
0.99699999999999999734,  0.00302557946719983874
0.99799999999999999822,  0.00201705759447805928
0.99899999999999999911,  0.00100853109004936186
1.00000000000000000000,  0.00000000000000000000
