0.00000000000000000000,  nan
0.00100000000000000002,  1.00913594469068201853
0.00200000000000000004,  0.50686218876772126674
0.00300000000000000006,  0.33944214919264792396
0.00400000000000000008,  0.25573553804645365872
0.00500000000000000010,  0.20551429770042425882
0.00600000000000000012,  0.17203574224094012046
0.00700000000000000015,  0.14812443481585757521
0.00800000000000000017,  0.13019265697112553104
0.00900000000000000105,  0.11624723176297788174
0.01000000000000000021,  0.10509225300281985205
0.01099999999999999936,  0.09596668945944630824
0.01200000000000000025,  0.08836318696015614538
0.01300000000000000114,  0.08193050029134618661
0.01400000000000000029,  0.07641773999886246338
0.01499999999999999944,  0.07164092046819647841
0.01600000000000000033,  0.06746205247462812304
0.01700000000000000122,  0.06377561483329899361
0.01800000000000000211,  0.06049953549927702262
0.01899999999999999953,  0.05756902074127935587
0.02000000000000000042,  0.05493223556327565121
0.02100000000000000130,  0.05254721829135763911
0.02199999999999999872,  0.05037963663690629701
0.02299999999999999961,  0.04840112913459668209
0.02400000000000000050,  0.04658806122089147878
0.02500000000000000139,  0.04492057985370655898
0.02600000000000000228,  0.04338188629676099917
0.02699999999999999969,  0.04195767050741214255
0.02800000000000000058,  0.04063566672709141570
0.02900000000000000147,  0.03940530101855326678
0.02999999999999999889,  0.03825740929567029991
0.03099999999999999978,  0.03718400992810921152
0.03200000000000000067,  0.03617811898262915382
0.03300000000000000155,  0.03523359905687312166
0.03400000000000000244,  0.03434503478954909622
0.03500000000000000333,  0.03350762971172160931
0.03600000000000000422,  0.03271712028955543056
0.03699999999999999817,  0.03196970390607865170
0.03799999999999999906,  0.03126197821423971901
0.03899999999999999994,  0.03059088982026795384
0.04000000000000000083,  0.02995369066452998469
0.04100000000000000172,  0.02934790078567274529
0.04200000000000000261,  0.02877127640418020854
0.04300000000000000350,  0.02822178245938274099
0.04399999999999999745,  0.02769756889142271222
0.04499999999999999833,  0.02719695008562184740
0.04599999999999999922,  0.02671838699802423292
0.04700000000000000011,  0.02626047156277792893
0.04800000000000000100,  0.02582191304860013623
0.04900000000000000189,  0.02540152608587452690
0.05000000000000000278,  0.02499822013050131617
0.05100000000000000366,  0.02461099016729153752
0.05200000000000000455,  0.02423890848604964843
0.05299999999999999850,  0.02388111738866220343
0.05399999999999999939,  0.02353682270651329816
0.05500000000000000028,  0.02320528802509106564
0.05600000000000000117,  0.02288582952738381013
0.05700000000000000205,  0.02257781138007952659
0.05800000000000000294,  0.02228064159705393094
0.05900000000000000383,  0.02199376832352223712
0.05999999999999999778,  0.02171667649177373358
0.06099999999999999867,  0.02144888480585277479
0.06199999999999999956,  0.02118994301804245223
0.06300000000000000044,  0.02093942946473589112
0.06400000000000000133,  0.02069694883331240146
0.06500000000000000222,  0.02046213013515579132
0.06600000000000000311,  0.02023462486293721788
0.06700000000000000400,  0.02001410531292394795
0.06800000000000000488,  0.01980026305531484149
0.06900000000000000577,  0.01959280753759223490
0.07000000000000000666,  0.01939146480758658850
0.07100000000000000755,  0.01919597634445181084
0.07200000000000000844,  0.01900609798705880926
0.07299999999999999545,  0.01882159895046533332
0.07399999999999999634,  0.01864226092213402963
0.07499999999999999722,  0.01846787723045087773
0.07599999999999999811,  0.01829825207888901781
0.07699999999999999900,  0.01813319983984575112
0.07799999999999999989,  0.01797254440280349891
0.07900000000000000078,  0.01781611857199284776
0.08000000000000000167,  0.01766376350923577407
0.08100000000000000255,  0.01751532821805587212
0.08200000000000000344,  0.01737066906554028331
0.08300000000000000433,  0.01722964933876233729
0.08400000000000000522,  0.01709213883289147431
0.08500000000000000611,  0.01695801346837517987
0.08600000000000000699,  0.01682715493483187899
0.08700000000000000788,  0.01669945035950175238
0.08799999999999999489,  0.01657479199830149894
0.08899999999999999578,  0.01645307694771018167
0.08999999999999999667,  0.01633420687586131445
0.09099999999999999756,  0.01621808777136336810
0.09199999999999999845,  0.01610462970850567305
0.09299999999999999933,  0.01599374662760926630
0.09400000000000000022,  0.01588535612939771802
0.09500000000000000111,  0.01577937928235790405
0.09600000000000000200,  0.01567574044213760828
0.09700000000000000289,  0.01557436708211719194
0.09800000000000000377,  0.01547518963435219434
0.09900000000000000466,  0.01537814134015788418
0.10000000000000000555,  0.01528315810965651979
0.10100000000000000644,  0.01519017838967148294
0.10200000000000000733,  0.01509914303938890250
0.10300000000000000822,  0.01500999521326456219
0.10400000000000000910,  0.01492268025068604551
0.10499999999999999611,  0.01483714557193890372
0.10599999999999999700,  0.01475334058006362581
0.10699999999999999789,  0.01467121656821252645
0.10799999999999999878,  0.01459072663215756939
0.10899999999999999967,  0.01451182558761107515
0.11000000000000000056,  0.01443446989205824510
0.11100000000000000144,  0.01435861757081421247
0.11200000000000000233,  0.01428422814704212798
0.11300000000000000322,  0.01421126257548734756
0.11400000000000000411,  0.01413968317970048898
0.11500000000000000500,  0.01406945359253311024
0.11600000000000000588,  0.01400053869971452057
0.11700000000000000677,  0.01393290458631883146
0.11800000000000000766,  0.01386651848595711611
0.11900000000000000855,  0.01380134873252962004
0.11999999999999999556,  0.01373736471439038730
0.12099999999999999645,  0.01367453683078490891
0.12199999999999999734,  0.01361283645043058488
0.12299999999999999822,  0.01355223587211825884
0.12399999999999999911,  0.01349270828721690213
0.12500000000000000000,  0.01343422774398414857
0.12600000000000000089,  0.01337676911356882117
0.12700000000000000178,  0.01332030805762750986
0.12800000000000000266,  0.01326482099745130913
0.12900000000000000355,  0.01321028508453503045
0.13000000000000000444,  0.01315667817250181990
0.13100000000000000533,  0.01310397879031256069
0.13200000000000000622,  0.01305216611669635617
0.13300000000000000711,  0.01300121995573179541
0.13400000000000000799,  0.01295112071352194118
0.13500000000000000888,  0.01290184937590802862
0.13600000000000000977,  0.01285338748716383442
0.13700000000000001066,  0.01280571712962458308
0.13800000000000001155,  0.01275882090420047896
0.13900000000000001243,  0.01271268191173373883
0.14000000000000001332,  0.01266728373515172736
0.14100000000000001421,  0.01262261042238096813
0.14200000000000001510,  0.01257864646998292125
0.14300000000000001599,  0.01253537680747691258
0.14400000000000001688,  0.01249278678231591742
0.14499999999999999001,  0.01245086214548279772
0.14599999999999999090,  0.01240958903768022911
0.14699999999999999178,  0.01236895397608378175
0.14799999999999999267,  0.01232894384163168294
0.14899999999999999356,  0.01228954586682657647
0.14999999999999999445,  0.01225074762402555452
0.15099999999999999534,  0.01221253701419567142
0.15199999999999999623,  0.01217490225611049526
0.15299999999999999711,  0.01213783187597536339
0.15399999999999999800,  0.01210131469745289595
0.15499999999999999889,  0.01206533983207629807
0.15599999999999999978,  0.01202989667003016502
0.15700000000000000067,  0.01199497487128590133
0.15800000000000000155,  0.01196056435706970879
0.15900000000000000244,  0.01192665530165794643
0.16000000000000000333,  0.01189323812447528987
0.16100000000000000422,  0.01186030348249031592
0.16200000000000000511,  0.01182784226289042805
0.16300000000000000600,  0.01179584557603009266
0.16400000000000000688,  0.01176430474863200681
0.16500000000000000777,  0.01173321131724067851
0.16600000000000000866,  0.01170255702190830388
0.16700000000000000955,  0.01167233380010971114
0.16800000000000001044,  0.01164253378087478676
0.16900000000000001132,  0.01161314927912801380
0.17000000000000001221,  0.01158417279022897622
0.17100000000000001310,  0.01155559698470285182
0.17200000000000001399,  0.01152741470315694731
0.17300000000000001488,  0.01149961895137096256
0.17400000000000001577,  0.01147220289555890907
0.17500000000000001665,  0.01144515985779212888
0.17599999999999998979,  0.01141848331157796145
0.17699999999999999067,  0.01139216687758911641
0.17799999999999999156,  0.01136620431953803273
0.17899999999999999245,  0.01134058954018607977
0.17999999999999999334,  0.01131531657749003210
0.18099999999999999423,  0.01129037960087286331
0.18199999999999999512,  0.01126577290761984242
0.18299999999999999600,  0.01124149091938920868
0.18399999999999999689,  0.01121752817884352944
0.18499999999999999778,  0.01119387934638121744
0.18599999999999999867,  0.01117053919698132551
0.18699999999999999956,  0.01114750261714388124
0.18800000000000000044,  0.01112476460193370306
0.18900000000000000133,  0.01110232025211068882
0.19000000000000000222,  0.01108016477135803819
0.19100000000000000311,  0.01105829346359188219
0.19200000000000000400,  0.01103670173035859424
0.19300000000000000488,  0.01101538506831068430
0.19400000000000000577,  0.01099433906676323264
0.19500000000000000666,  0.01097355940532215336
0.19600000000000000755,  0.01095304185158803637
0.19700000000000000844,  0.01093278225892789154
0.19800000000000000933,  0.01091277656431639993
0.19900000000000001021,  0.01089302078623991150
0.20000000000000001110,  0.01087351102266511001
0.20100000000000001199,  0.01085424344906696197
0.20200000000000001288,  0.01083521431651688315
0.20300000000000001377,  0.01081641994982540482
0.20400000000000001465,  0.01079785674574142498
0.20500000000000001554,  0.01077952117120147338
0.20600000000000001643,  0.01076140976163361337
0.20700000000000001732,  0.01074351911930731575
0.20800000000000001821,  0.01072584591173292128
0.20899999999999999134,  0.01070838687010450437
0.20999999999999999223,  0.01069113878779053874
0.21099999999999999312,  0.01067409851886578706
0.21199999999999999400,  0.01065726297668358018
0.21299999999999999489,  0.01064062913249007661
0.21399999999999999578,  0.01062419401407702947
0.21499999999999999667,  0.01060795470447182219
0.21599999999999999756,  0.01059190834066283012
0.21699999999999999845,  0.01057605211236183410
0.21799999999999999933,  0.01056038326079981014
0.21900000000000000022,  0.01054489907755569965
0.22000000000000000111,  0.01052959690341591370
0.22100000000000000200,  0.01051447412726644499
0.22200000000000000289,  0.01049952818501471118
0.22300000000000000377,  0.01048475655853941396
0.22400000000000000466,  0.01047015677466865517
0.22500000000000000555,  0.01045572640418608416
0.22600000000000000644,  0.01044146306086292560
0.22700000000000000733,  0.01042736440051657103
0.22800000000000000822,  0.01041342812009042433
0.22900000000000000910,  0.01039965195676311772
0.23000000000000000999,  0.01038603368707598923
0.23100000000000001088,  0.01037257112608716385
0.23200000000000001177,  0.01035926212654433506
0.23300000000000001266,  0.01034610457808098245
0.23400000000000001354,  0.01033309640643183085
0.23500000000000001443,  0.01032023557266982354
0.23600000000000001532,  0.01030752007246013568
0.23700000000000001621,  0.01029494793533553693
0.23800000000000001710,  0.01028251722398815932
0.23900000000000001799,  0.01027022603358052934
0.23999999999999999112,  0.01025807249107196263
0.24099999999999999201,  0.01024605475456351507
0.24199999999999999289,  0.01023417101265867123
0.24299999999999999378,  0.01022241948383846230
0.24399999999999999467,  0.01021079841585372482
0.24499999999999999556,  0.01019930608513123713
0.24599999999999999645,  0.01018794079619448831
0.24699999999999999734,  0.01017670088109862321
0.24799999999999999822,  0.01016558469887890101
0.24899999999999999911,  0.01015459063501257531
0.25000000000000000000,  0.01014371710089329894
0.25100000000000000089,  0.01013296253331843859
0.25200000000000000178,  0.01012232539398887944
0.25300000000000000266,  0.01011180416901935088
0.25400000000000000355,  0.01010139736846209224
0.25500000000000000444,  0.01009110352584007171
0.25600000000000000533,  0.01008092119769208976
0.25700000000000000622,  0.01007084896312882873
0.25800000000000000711,  0.01006088542339735395
0.25900000000000000799,  0.01005102920145751165
0.26000000000000000888,  0.01004127894156807421
0.26100000000000000977,  0.01003163330888122429
0.26200000000000001066,  0.01002209098904677763
0.26300000000000001155,  0.01001265068782524956
0.26400000000000001243,  0.01000331113071101924
0.26500000000000001332,  0.00999407106256150653
0.26600000000000001421,  0.00998492924723718561
0.26700000000000001510,  0.00997588446724782113
0.26800000000000001599,  0.00996693552340843780
0.26900000000000001688,  0.00995808123450010914
0.27000000000000001776,  0.00994932043694141122
0.27100000000000001865,  0.00994065198446546748
0.27200000000000001954,  0.00993207474780426897
0.27300000000000002043,  0.00992358761437955005
0.27400000000000002132,  0.00991518948800091705
0.27500000000000002220,  0.00990687928857138765
0.27600000000000002309,  0.00989865595179744394
0.27700000000000002398,  0.00989051842890637141
0.27800000000000002487,  0.00988246568636963994
0.27900000000000002576,  0.00987449670563240144
0.28000000000000002665,  0.00986661048284876059
0.28100000000000002753,  0.00985880602862148313
0.28200000000000002842,  0.00985108236774822829
0.28300000000000002931,  0.00984343853897447912
0.28400000000000003020,  0.00983587359474917024
0.28500000000000003109,  0.00982838660098574700
0.28600000000000003197,  0.00982097663683073087
0.28700000000000003286,  0.00981364279443443580
0.28800000000000003375,  0.00980638417872674827
0.28899999999999997913,  0.00979919990719939522
0.28999999999999998002,  0.00979208910969102571
0.29099999999999998090,  0.00978505092817685135
0.29199999999999998179,  0.00977808451656224376
0.29299999999999998268,  0.00977118904048275040
0.29399999999999998357,  0.00976436367710544276
0.29499999999999998446,  0.00975760761493582075
0.29599999999999998535,  0.00975092005362741820
0.29699999999999998623,  0.00974430020379776600
0.29799999999999998712,  0.00973774728684415579
0.29899999999999998801,  0.00973126053476661146
0.29999999999999998890,  0.00972483918999202286
0.30099999999999998979,  0.00971848250520397292
0.30199999999999999067,  0.00971218974317387962
0.30299999999999999156,  0.00970596017659578793
0.30399999999999999245,  0.00969979308792526772
0.30499999999999999334,  0.00969368776922212641
0.30599999999999999423,  0.00968764352199330374
0.30699999999999999512,  0.00968165965704170274
0.30799999999999999600,  0.00967573549431674333
0.30899999999999999689,  0.00966987036276764286
0.30999999999999999778,  0.00966406360019984000
0.31099999999999999867,  0.00965831455313417332
0.31199999999999999956,  0.00965262257666875054
0.31300000000000000044,  0.00964698703434396093
0.31400000000000000133,  0.00964140729800798055
0.31500000000000000222,  0.00963588274768756303
0.31600000000000000311,  0.00963041277145938041
0.31700000000000000400,  0.00962499676532533460
0.31800000000000000488,  0.00961963413308793841
0.31900000000000000577,  0.00961432428622993260
0.32000000000000000666,  0.00960906664379631952
0.32100000000000000755,  0.00960386063227701772
0.32200000000000000844,  0.00959870568549254892
0.32300000000000000933,  0.00959360124448147694
0.32400000000000001021,  0.00958854675739095712
0.32500000000000001110,  0.00958354167936825360
0.32600000000000001199,  0.00957858547245421521
0.32700000000000001288,  0.00957367760547975059
0.32800000000000001377,  0.00956881755396225830
0.32900000000000001465,  0.00956400480000670246
0.33000000000000001554,  0.00955923883220447315
0.33100000000000001643,  0.00955451914553927598
0.33200000000000001732,  0.00954984524128967525
0.33300000000000001821,  0.00954521662693700798
0.33400000000000001910,  0.00954063281607180069
0.33500000000000001998,  0.00953609332830570276
0.33600000000000002087,  0.00953159768918128772
0.33700000000000002176,  0.00952714543008554605
0.33800000000000002265,  0.00952273608816384121
0.33900000000000002354,  0.00951836920623660813
0.34000000000000002442,  0.00951404433271662957
0.34100000000000002531,  0.00950976102152721083
0.34200000000000002620,  0.00950551883202264622
0.34300000000000002709,  0.00950131732891062661
0.34400000000000002798,  0.00949715608217434511
0.34500000000000002887,  0.00949303466699704182
0.34600000000000002975,  0.00948895266368745757
0.34700000000000003064,  0.00948490965760729471
0.34800000000000003153,  0.00948090523909864667
0.34900000000000003242,  0.00947693900341374171
0.35000000000000003331,  0.00947301055064533708
0.35100000000000003419,  0.00946911948565846463
0.35199999999999997957,  0.00946526541802332304
0.35299999999999998046,  0.00946144796194893674
0.35399999999999998135,  0.00945766673621901283
0.35499999999999998224,  0.00945392136412722371
0.35599999999999998312,  0.00945021147341449340
0.35699999999999998401,  0.00944653669620837758
0.35799999999999998490,  0.00944289666896130919
0.35899999999999998579,  0.00943929103239056662
0.35999999999999998668,  0.00943571943142029572
0.36099999999999998757,  0.00943218151512433683
0.36199999999999998845,  0.00942867693666779409
0.36299999999999998934,  0.00942520535325208630
0.36399999999999999023,  0.00942176642605998919
0.36499999999999999112,  0.00941835982020139059
0.36599999999999999201,  0.00941498520466010902
0.36699999999999999289,  0.00941164225224154147
0.36799999999999999378,  0.00940833063951989658
0.36899999999999999467,  0.00940505004679028159
0.36999999999999999556,  0.00940180015801644724
0.37099999999999999645,  0.00939858066078227451
0.37199999999999999734,  0.00939539124624385637
0.37299999999999999822,  0.00939223160908161069
0.37399999999999999911,  0.00938910144745350346
0.37500000000000000000,  0.00938600046294883056
0.37600000000000000089,  0.00938292836054326930
0.37700000000000000178,  0.00937988484855428392
0.37800000000000000266,  0.00937686963859665767
0.37900000000000000355,  0.00937388244553907790
0.38000000000000000444,  0.00937092298746289819
0.38100000000000000533,  0.00936799098561874426
0.38200000000000000622,  0.00936508616438583123
0.38300000000000000711,  0.00936220825123097559
0.38400000000000000799,  0.00935935697666973564
0.38500000000000000888,  0.00935653207422553444
0.38600000000000000977,  0.00935373328039125658
0.38700000000000001066,  0.00935096033459163409
0.38800000000000001155,  0.00934821297914564288
0.38900000000000001243,  0.00934549095922815147
0.39000000000000001332,  0.00934279402283475988
0.39100000000000001421,  0.00934012192074531664
0.39200000000000001510,  0.00933747440648834137
0.39300000000000001599,  0.00933485123630731217
0.39400000000000001688,  0.00933225216912423640
0.39500000000000001776,  0.00932967696650698064
0.39600000000000001865,  0.00932712539263689210
0.39700000000000001954,  0.00932459721427388727
0.39800000000000002043,  0.00932209220072525643
0.39900000000000002132,  0.00931961012381418014
0.40000000000000002220,  0.00931715075784776692
0.40100000000000002309,  0.00931471387958534951
0.40200000000000002398,  0.00931229926820916626
0.40300000000000002487,  0.00930990670529431401
0.40400000000000002576,  0.00930753597477781795
0.40500000000000002665,  0.00930518686293080495
0.40600000000000002753,  0.00930285915832898547
0.40700000000000002842,  0.00930055265182490667
0.40800000000000002931,  0.00929826713651946309
0.40900000000000003020,  0.00929600240773416180
0.41000000000000003109,  0.00929375826298459336
0.41100000000000003197,  0.00929153450195388531
0.41200000000000003286,  0.00928933092646538720
0.41300000000000003375,  0.00928714734045725000
0.41400000000000003464,  0.00928498354995605825
0.41500000000000003553,  0.00928283936305312855
0.41600000000000003642,  0.00928071458987825802
0.41699999999999998179,  0.00927860904257537568
0.41799999999999998268,  0.00927652253527853909
0.41899999999999998357,  0.00927445488408808541
0.41999999999999998446,  0.00927240590704690552
0.42099999999999998535,  0.00927037542411724563
0.42199999999999998623,  0.00926836325715883758
0.42299999999999998712,  0.00926636922990415821
0.42399999999999998801,  0.00926439316793737158
0.42499999999999998890,  0.00926243489867280105
0.42599999999999998979,  0.00926049425133368756
0.42699999999999999067,  0.00925857105692847425
0.42799999999999999156,  0.00925666514823214603
0.42899999999999999245,  0.00925477635976448831
0.42999999999999999334,  0.00925290452777021571
0.43099999999999999423,  0.00925104949019737131
0.43199999999999999512,  0.00924921108667760977
0.43299999999999999600,  0.00924738915850896979
0.43399999999999999689,  0.00924558354863366620
0.43499999999999999778,  0.00924379410162019105
0.43599999999999999867,  0.00924202066364382749
0.43699999999999999956,  0.00924026308246866934
0.43800000000000000044,  0.00923852120742944989
0.43900000000000000133,  0.00923679488941221011
0.44000000000000000222,  0.00923508398083704510
0.44100000000000000311,  0.00923338833564107085
0.44200000000000000400,  0.00923170780926041955
0.44300000000000000488,  0.00923004225861285936
0.44400000000000000577,  0.00922839154208065192
0.44500000000000000666,  0.00922675551949526766
0.44600000000000000755,  0.00922513405211903247
0.44700000000000000844,  0.00922352700262946829
0.44800000000000000933,  0.00922193423510383851
0.44900000000000001021,  0.00922035561500328740
0.45000000000000001110,  0.00921879100915534190
0.45100000000000001199,  0.00921724028574050745
0.45200000000000001288,  0.00921570331427641956
0.45300000000000001377,  0.00921417996560278292
0.45400000000000001465,  0.00921267011186547961
0.45500000000000001554,  0.00921117362650398716
0.45600000000000001643,  0.00920969038423482059
0.45700000000000001732,  0.00920822026103828260
0.45800000000000001821,  0.00920676313414394223
0.45900000000000001910,  0.00920531888201691142
0.46000000000000001998,  0.00920388738434389612
0.46100000000000002087,  0.00920246852202088322
0.46200000000000002176,  0.00920106217713699895
0.46300000000000002265,  0.00919966823296338929
0.46400000000000002354,  0.00919828657394015752
0.46500000000000002442,  0.00919691708566240836
0.46600000000000002531,  0.00919555965486836165
0.46700000000000002620,  0.00919421416942550057
0.46800000000000002709,  0.00919288051832007312
0.46900000000000002798,  0.00919155859164332706
0.47000000000000002887,  0.00919024828057963400
0.47100000000000002975,  0.00918894947739515647
0.47200000000000003064,  0.00918766207542540819
0.47300000000000003153,  0.00918638596906336778
0.47400000000000003242,  0.00918512105374883273
0.47500000000000003331,  0.00918386722595616878
0.47600000000000003419,  0.00918262438318438907
0.47700000000000003508,  0.00918139242394301960
0.47800000000000003597,  0.00918017124774503368
0.47900000000000003686,  0.00917896075509365070
0.47999999999999998224,  0.00917776084747186360
0.48099999999999998312,  0.00917657142733251975
0.48199999999999998401,  0.00917539239808724469
0.48299999999999998490,  0.00917422366409657158
0.48399999999999998579,  0.00917306513065953809
0.48499999999999998668,  0.00917191670400297442
0.48599999999999998757,  0.00917077829127354964
0.48699999999999998845,  0.00916964980052531117
0.48799999999999998934,  0.00916853114071197912
0.48899999999999999023,  0.00916742222167580764
0.48999999999999999112,  0.00916632295414057489
0.49099999999999999201,  0.00916523324969933592
0.49199999999999999289,  0.00916415302080629893
0.49299999999999999378,  0.00916308218076870157
0.49399999999999999467,  0.00916202064373633669
0.49499999999999999556,  0.00916096832469331934
0.49599999999999999645,  0.00915992513944882333
0.49699999999999999734,  0.00915889100462883438
0.49799999999999999822,  0.00915786583766800034
0.49899999999999999911,  0.00915684955679978846
0.50000000000000000000,  0.00915584208104886638
0.50100000000000000089,  0.00915484333022281715
0.50200000000000000178,  0.00915385322490427922
0.50300000000000000266,  0.00915287168644135680
0.50400000000000000355,  0.00915189863694200641
0.50500000000000000444,  0.00915093399926327974
0.50600000000000000533,  0.00914997769700611613
0.50700000000000000622,  0.00914902965450555515
0.50800000000000000711,  0.00914808979682481954
0.50900000000000000799,  0.00914715804974603787
0.51000000000000000888,  0.00914623433976427362
0.51100000000000000977,  0.00914531859407911180
0.51200000000000001066,  0.00914441074058806001
0.51300000000000001155,  0.00914351070787863644
0.51400000000000001243,  0.00914261842522196000
0.51500000000000001332,  0.00914173382256486602
0.51600000000000001421,  0.00914085683052389894
0.51700000000000001510,  0.00913998738037724578
0.51800000000000001599,  0.00913912540405957714
0.51900000000000001688,  0.00913827083415308904
0.52000000000000001776,  0.00913742360388355990
0.52100000000000001865,  0.00913658364711106459
0.52200000000000001954,  0.00913575089832525250
0.52300000000000002043,  0.00913492529263808251
0.52400000000000002132,  0.00913410676577794400
0.52500000000000002220,  0.00913329525408339629
0.52600000000000002309,  0.00913249069449598161
0.52700000000000002398,  0.00913169302455552924
0.52800000000000002487,  0.00913090218239241171
0.52900000000000002576,  0.00913011810672380991
0.53000000000000002665,  0.00912934073684490595
0.53100000000000002753,  0.00912857001262601386
0.53200000000000002842,  0.00912780587450389737
0.53300000000000002931,  0.00912704826347866989
0.53400000000000003020,  0.00912629712110571423
0.53500000000000003109,  0.00912555238949225127
0.53600000000000003197,  0.00912481401128960486
0.53700000000000003286,  0.00912408192968978092
0.53800000000000003375,  0.00912335608841833429
0.53900000000000003464,  0.00912263643173047249
0.54000000000000003553,  0.00912192290440403709
0.54100000000000003642,  0.00912121545173645402
0.54200000000000003730,  0.00912051401953709734
0.54300000000000003819,  0.00911981855412436621
0.54400000000000003908,  0.00911912900231851009
0.54500000000000003997,  0.00911844531143883759
0.54600000000000004086,  0.00911776742929651732
0.54700000000000004174,  0.00911709530419128368
0.54800000000000004263,  0.00911642888490644954
0.54900000000000004352,  0.00911576812070211476
0.55000000000000004441,  0.00911511296131377671
0.55100000000000004530,  0.00911446335694425860
0.55200000000000004619,  0.00911381925826194178
0.55300000000000004707,  0.00911318061639340184
0.55400000000000004796,  0.00911254738292163052
0.55500000000000004885,  0.00911191950987888175
0.55600000000000004974,  0.00911129694974463153
0.55700000000000005063,  0.00911067965543876229
0.55800000000000005151,  0.00911006758031986975
0.55900000000000005240,  0.00910946067817841772
0.56000000000000005329,  0.00910885890323400241
0.56100000000000005418,  0.00910826221013023678
0.56200000000000005507,  0.00910767055393211719
0.56300000000000005596,  0.00910708389011959454
0.56400000000000005684,  0.00910650217458579964
0.56500000000000005773,  0.00910592536363055531
0.56600000000000005862,  0.00910535341395922460
0.56700000000000005951,  0.00910478628267577875
0.56800000000000006040,  0.00910422392728160550
0.56900000000000006128,  0.00910366630566957109
0.57000000000000006217,  0.00910311337612096372
0.57100000000000006306,  0.00910256509730248894
0.57200000000000006395,  0.00910202142826095802
0.57300000000000006484,  0.00910148232842101883
0.57400000000000006573,  0.00910094775758004022
0.57500000000000006661,  0.00910041767590619687
0.57600000000000006750,  0.00909989204393276026
0.57699999999999995737,  0.00909937082255666413
0.57799999999999995826,  0.00909885397303366456
0.57899999999999995914,  0.00909834145697538399
0.57999999999999996003,  0.00909783323634520691
0.58099999999999996092,  0.00909732927345647743
0.58199999999999996181,  0.00909682953096630983
0.58299999999999996270,  0.00909633397187547751
0.58399999999999996358,  0.00909584255952255137
0.58499999999999996447,  0.00909535525758225702
0.58599999999999996536,  0.00909487203006087951
0.58699999999999996625,  0.00909439284129469859
0.58799999999999996714,  0.00909391765594518876
0.58899999999999996803,  0.00909344643899711279
0.58999999999999996891,  0.00909297915575432887
0.59099999999999996980,  0.00909251577183781134
0.59199999999999997069,  0.00909205625318234775
0.59299999999999997158,  0.00909160056603215520
0.59399999999999997247,  0.00909114867694010668
0.59499999999999997335,  0.00909070055276285476
0.59599999999999997424,  0.00909025616065971959
0.59699999999999997513,  0.00908981546808786470
0.59799999999999997602,  0.00908937844280110867
0.59899999999999997691,  0.00908894505284542180
0.59999999999999997780,  0.00908851526655851845
0.60099999999999997868,  0.00908808905256385489
0.60199999999999997957,  0.00908766637977183322
0.60299999999999998046,  0.00908724721737285898
0.60399999999999998135,  0.00908683153483819638
0.60499999999999998224,  0.00908641930191475197
0.60599999999999998312,  0.00908601048862444152
0.60699999999999998401,  0.00908560506525987570
0.60799999999999998490,  0.00908520300238336090
0.60899999999999998579,  0.00908480427082262315
0.60999999999999998668,  0.00908440884167073005
0.61099999999999998757,  0.00908401668628043731
0.61199999999999998845,  0.00908362777626429627
0.61299999999999998934,  0.00908324208349061898
0.61399999999999999023,  0.00908285958008236624
0.61499999999999999112,  0.00908248023841387586
0.61599999999999999201,  0.00908210403110775930
0.61699999999999999289,  0.00908173093103488080
0.61799999999999999378,  0.00908136091130955225
0.61899999999999999467,  0.00908099394528942908
0.61999999999999999556,  0.00908063000657014299
0.62099999999999999645,  0.00908026906898672277
0.62199999999999999734,  0.00907991110660855485
0.62299999999999999822,  0.00907955609373910233
0.62399999999999999911,  0.00907920400491163231
0.62500000000000000000,  0.00907885481489002603
0.62600000000000000089,  0.00907850849866275421
0.62700000000000000178,  0.00907816503144434107
0.62800000000000000266,  0.00907782438867100507
0.62900000000000000355,  0.00907748654600024768
0.63000000000000000444,  0.00907715147930591125
0.63100000000000000533,  0.00907681916468036989
0.63200000000000000622,  0.00907648957842842503
0.63300000000000000711,  0.00907616269706849541
0.63400000000000000799,  0.00907583849732818831
0.63500000000000000888,  0.00907551695614388157
0.63600000000000000977,  0.00907519805065754026
0.63700000000000001066,  0.00907488175821633339
0.63800000000000001155,  0.00907456805637012545
0.63900000000000001243,  0.00907425692286756638
0.64000000000000001332,  0.00907394833565872833
0.64100000000000001421,  0.00907364227288844777
0.64200000000000001510,  0.00907333871289744270
0.64300000000000001599,  0.00907303763421909819
0.64400000000000001688,  0.00907273901557893205
0.64500000000000001776,  0.00907244283589155390
0.64600000000000001865,  0.00907214907425986199
0.64700000000000001954,  0.00907185770997234048
0.64800000000000002043,  0.00907156872250261537
0.64900000000000002132,  0.00907128209150583065
0.65000000000000002220,  0.00907099779681983659
0.65100000000000002309,  0.00907071581845998558
0.65200000000000002398,  0.00907043613662069509
0.65300000000000002487,  0.00907015873167138151
0.65400000000000002576,  0.00906988358415678105
0.65500000000000002665,  0.00906961067479306569
0.65600000000000002753,  0.00906933998446917723
0.65700000000000002842,  0.00906907149424247307
0.65800000000000002931,  0.00906880518533881123
0.65900000000000003020,  0.00906854103915032822
0.66000000000000003109,  0.00906827903723408761
0.66100000000000003197,  0.00906801916131120753
0.66200000000000003286,  0.00906776139326355424
0.66300000000000003375,  0.00906750571513489402
0.66400000000000003464,  0.00906725210912593532
0.66500000000000003553,  0.00906700055759685625
0.66600000000000003642,  0.00906675104306236927
0.66700000000000003730,  0.00906650354819278810
0.66800000000000003819,  0.00906625805581076118
0.66900000000000003908,  0.00906601454889190313
0.67000000000000003997,  0.00906577301056051867
0.67100000000000004086,  0.00906553342409178835
0.67200000000000004174,  0.00906529577290701022
0.67300000000000004263,  0.00906506004057428851
0.67400000000000004352,  0.00906482621080685266
0.67500000000000004441,  0.00906459426746139899
0.67600000000000004530,  0.00906436419453642353
0.67700000000000004619,  0.00906413597617213365
0.67800000000000004707,  0.00906390959664795173
0.67900000000000004796,  0.00906368504038228620
0.68000000000000004885,  0.00906346229192951484
0.68100000000000004974,  0.00906324133598136912
0.68200000000000005063,  0.00906302215736288011
0.68300000000000005151,  0.00906280474103362058
0.68400000000000005240,  0.00906258907208507686
0.68500000000000005329,  0.00906237513573891935
0.68600000000000005418,  0.00906216291734775539
0.68700000000000005507,  0.00906195240239181070
0.68800000000000005596,  0.00906174357647956084
0.68900000000000005684,  0.00906153642534547783
0.69000000000000005773,  0.00906133093484927030
0.69100000000000005862,  0.00906112709097399438
0.69200000000000005951,  0.00906092487982676151
0.69300000000000006040,  0.00906072428763543720
0.69400000000000006128,  0.00906052530074917539
0.69500000000000006217,  0.00906032790563586661
0.69600000000000006306,  0.00906013208888306956
0.69700000000000006395,  0.00905993783719399003
0.69800000000000006484,  0.00905974513739067448
0.69900000000000006573,  0.00905955397640739735
0.70000000000000006661,  0.00905936434129592759
0.70100000000000006750,  0.00905917621921817524
0.70200000000000006839,  0.00905898959745076761
0.70300000000000006928,  0.00905880446337915986
0.70399999999999995914,  0.00905862080450095183
0.70499999999999996003,  0.00905843860842170737
0.70599999999999996092,  0.00905825786285546081
0.70699999999999996181,  0.00905807855562394508
0.70799999999999996270,  0.00905790067465409889
0.70899999999999996358,  0.00905772420797940243
0.70999999999999996447,  0.00905754914373586330
0.71099999999999996536,  0.00905737547016433574
0.71199999999999996625,  0.00905720317560708942
0.71299999999999996714,  0.00905703224850902544
0.71399999999999996803,  0.00905686267741461111
0.71499999999999996891,  0.00905669445096914279
0.71599999999999996980,  0.00905652755791508217
0.71699999999999997069,  0.00905636198709473296
0.71799999999999997158,  0.00905619772744559702
0.71899999999999997247,  0.00905603476800247512
0.71999999999999997335,  0.00905587309789461677
0.72099999999999997424,  0.00905571270634686863
0.72199999999999997513,  0.00905555358267621895
0.72299999999999997602,  0.00905539571629356346
0.72399999999999997691,  0.00905523909670047193
0.72499999999999997780,  0.00905508371349117783
0.72599999999999997868,  0.00905492955634873767
0.72699999999999997957,  0.00905477661504686115
0.72799999999999998046,  0.00905462487944644866
0.72899999999999998135,  0.00905447433949747513
0.72999999999999998224,  0.00905432498523717558
0.73099999999999998312,  0.00905417680678760606
0.73199999999999998401,  0.00905402979435778604
0.73299999999999998490,  0.00905388393824000520
0.73399999999999998579,  0.00905373922881242202
0.73499999999999998668,  0.00905359565653432799
0.73599999999999998757,  0.00905345321194940197
0.73699999999999998845,  0.00905331188568138205
0.73799999999999998934,  0.00905317166843716201
0.73899999999999999023,  0.00905303255100159063
0.73999999999999999112,  0.00905289452424082493
0.74099999999999999201,  0.00905275757909839232
0.74199999999999999289,  0.00905262170659793843
0.74299999999999999378,  0.00905248689783800034
0.74399999999999999467,  0.00905235314399628795
0.74499999999999999556,  0.00905222043632488219
0.74599999999999999645,  0.00905208876615305226
0.74699999999999999734,  0.00905195812488285290
0.74799999999999999822,  0.00905182850399198664
0.74899999999999999911,  0.00905169989503004126
0.75000000000000000000,  0.00905157228962073269
0.75100000000000000089,  0.00905144567946004029
0.75200000000000000178,  0.00905132005631365325
0.75300000000000000266,  0.00905119541202015730
0.75400000000000000355,  0.00905107173848634927
0.75500000000000000444,  0.00905094902769080709
0.75600000000000000533,  0.00905082727167871859
0.75700000000000000622,  0.00905070646256572742
0.75800000000000000711,  0.00905058659253354415
0.75900000000000000799,  0.00905046765383268545
0.76000000000000000888,  0.00905034963877830202
0.76100000000000000977,  0.00905023253975340697
0.76200000000000001066,  0.00905011634920433947
0.76300000000000001155,  0.00905000105964463147
0.76400000000000001243,  0.00904988666364950171
0.76500000000000001332,  0.00904977315386000687
0.76600000000000001421,  0.00904966052297832314
0.76700000000000001510,  0.00904954876377125211
0.76800000000000001599,  0.00904943786906523689
0.76900000000000001688,  0.00904932783175037281
0.77000000000000001776,  0.00904921864477601853
0.77100000000000001865,  0.00904911030115304257
0.77200000000000001954,  0.00904900279395084821
0.77300000000000002043,  0.00904889611629929903
0.77400000000000002132,  0.00904879026138710046
0.77500000000000002220,  0.00904868522245929133
0.77600000000000002309,  0.00904858099282132393
0.77700000000000002398,  0.00904847756583320242
0.77800000000000002487,  0.00904837493491397749
0.77900000000000002576,  0.00904827309353698796
0.78000000000000002665,  0.00904817203523301458
0.78100000000000002753,  0.00904807175358624503
0.78200000000000002842,  0.00904797224223748316
0.78300000000000002931,  0.00904787349487982950
0.78400000000000003020,  0.00904777550526231385
0.78500000000000003109,  0.00904767826718478295
0.78600000000000003197,  0.00904758177450235013
0.78700000000000003286,  0.00904748602112077221
0.78800000000000003375,  0.00904739100099874113
0.78900000000000003464,  0.00904729670814544314
0.79000000000000003553,  0.00904720313662236986
0.79100000000000003642,  0.00904711028053953661
0.79200000000000003730,  0.00904701813405931442
0.79300000000000003819,  0.00904692669139211050
0.79400000000000003908,  0.00904683594679848470
0.79500000000000003997,  0.00904674589458682663
0.79600000000000004086,  0.00904665652911496032
0.79700000000000004174,  0.00904656784478864891
0.79800000000000004263,  0.00904647983605979047
0.79900000000000004352,  0.00904639249742958396
0.80000000000000004441,  0.00904630582344313761
0.80100000000000004530,  0.00904621980869461939
0.80200000000000004619,  0.00904613444782154628
0.80300000000000004707,  0.00904604973550958077
0.80400000000000004796,  0.00904596566648662934
0.80500000000000004885,  0.00904588223552769098
0.80600000000000004974,  0.00904579943745005555
0.80700000000000005063,  0.00904571726711707325
0.80800000000000005151,  0.00904563571943329918
0.80900000000000005240,  0.00904555478934832360
0.81000000000000005329,  0.00904547447185303534
0.81100000000000005418,  0.00904539476198204170
0.81200000000000005507,  0.00904531565481019907
0.81300000000000005596,  0.00904523714545669121
0.81400000000000005684,  0.00904515922907887272
0.81500000000000005773,  0.00904508190087787919
0.81600000000000005862,  0.00904500515609271867
0.81700000000000005951,  0.00904492899000488952
0.81800000000000006040,  0.00904485339793363596
0.81900000000000006128,  0.00904477837523972282
0.82000000000000006217,  0.00904470391732265129
0.82100000000000006306,  0.00904463001961953138
0.82200000000000006395,  0.00904455667760769959
0.82300000000000006484,  0.00904448388680047406
0.82400000000000006573,  0.00904441164275138210
0.82500000000000006661,  0.00904433994104861770
0.82600000000000006750,  0.00904426877732106456
0.82700000000000006839,  0.00904419814723096682
0.82800000000000006928,  0.00904412804648049851
0.82900000000000007017,  0.00904405847080435275
0.83000000000000007105,  0.00904398941597655409
0.83100000000000007194,  0.00904392087780363750
0.83200000000000007283,  0.00904385285213023422
0.83299999999999996270,  0.00904378533483265329
0.83399999999999996358,  0.00904371832182641541
0.83499999999999996447,  0.00904365180905674672
0.83599999999999996536,  0.00904358579250634509
0.83699999999999996625,  0.00904352026818864944
0.83799999999999996714,  0.00904345523215421138
0.83899999999999996803,  0.00904339068048251073
0.83999999999999996891,  0.00904332660928993531
0.84099999999999996980,  0.00904326301472223142
0.84199999999999997069,  0.00904319989295943386
0.84299999999999997158,  0.00904313724021386239
0.84399999999999997247,  0.00904307505272735311
0.84499999999999997335,  0.00904301332677595431
0.84599999999999997424,  0.00904295205866411690
0.84699999999999997513,  0.00904289124473036700
0.84799999999999997602,  0.00904283088134125342
0.84899999999999997691,  0.00904277096489562726
0.84999999999999997780,  0.00904271149182071278
0.85099999999999997868,  0.00904265245857554384
0.85199999999999997957,  0.00904259386164679713
0.85299999999999998046,  0.00904253569755247670
0.85399999999999998135,  0.00904247796283731003
0.85499999999999998224,  0.00904242065407782729
0.85599999999999998312,  0.00904236376787598446
0.85699999999999998401,  0.00904230730086606066
0.85799999999999998490,  0.00904225124970587345
0.85899999999999998579,  0.00904219561108511247
0.85999999999999998668,  0.00904214038171803972
0.86099999999999998757,  0.00904208555834898862
0.86199999999999998845,  0.00904203113774694305
0.86299999999999998934,  0.00904197711671012906
0.86399999999999999023,  0.00904192349206070847
0.86499999999999999112,  0.00904187026065005409
0.86599999999999999201,  0.00904181741935549538
0.86699999999999999289,  0.00904176496507775804
0.86799999999999999378,  0.00904171289474721938
0.86899999999999999467,  0.00904166120531571874
0.86999999999999999556,  0.00904160989376436193
0.87099999999999999645,  0.00904155895709585558
0.87199999999999999734,  0.00904150839234137832
0.87299999999999999822,  0.00904145819655278668
0.87399999999999999911,  0.00904140836681047340
0.87500000000000000000,  0.00904135890021513615
0.87600000000000000089,  0.00904130979389576594
0.87700000000000000178,  0.00904126104500119036
0.87800000000000000266,  0.00904121265070751898
0.87900000000000000355,  0.00904116460821055047
0.88000000000000000444,  0.00904111691473278960
0.88100000000000000533,  0.00904106956751701482
0.88200000000000000622,  0.00904102256383167852
0.88300000000000000711,  0.00904097590096460124
0.88400000000000000799,  0.00904092957622952033
0.88500000000000000888,  0.00904088358695898271
0.88600000000000000977,  0.00904083793051162210
0.88700000000000001066,  0.00904079260426335178
0.88800000000000001155,  0.00904074760561521425
0.88900000000000001243,  0.00904070293198996032
0.89000000000000001332,  0.00904065858082816511
0.89100000000000001421,  0.00904061454959561271
0.89200000000000001510,  0.00904057083577550560
0.89300000000000001599,  0.00904052743687546422
0.89400000000000001688,  0.00904048435041997743
0.89500000000000001776,  0.00904044157395780118
0.89600000000000001865,  0.00904039910505374106
0.89700000000000001954,  0.00904035694129712297
0.89800000000000002043,  0.00904031508029276738
0.89900000000000002132,  0.00904027351966962996
0.90000000000000002220,  0.00904023225707172896
0.90100000000000002309,  0.00904019129016739136
0.90200000000000002398,  0.00904015061663904045
0.90300000000000002487,  0.00904011023419287220
0.90400000000000002576,  0.00904007014054989018
0.90500000000000002665,  0.00904003033345409518
0.90600000000000002753,  0.00903999081066329292
0.90700000000000002842,  0.00903995156995908607
0.90800000000000002931,  0.00903991260913588647
0.90900000000000003020,  0.00903987392601109455
0.91000000000000003109,  0.00903983551841570400
0.91100000000000003197,  0.00903979738420162757
0.91200000000000003286,  0.00903975952123885380
0.91300000000000003375,  0.00903972192741081884
0.91400000000000003464,  0.00903968460062362124
0.91500000000000003553,  0.00903964753879548354
0.91600000000000003642,  0.00903961073986664539
0.91700000000000003730,  0.00903957420178904195
0.91800000000000003819,  0.00903953792253696028
0.91900000000000003908,  0.00903950190009581225
0.92000000000000003997,  0.00903946613247270069
0.92100000000000004086,  0.00903943061768630075
0.92200000000000004174,  0.00903939535377631942
0.92300000000000004263,  0.00903936033879309576
0.92400000000000004352,  0.00903932557080855577
0.92500000000000004441,  0.00903929104790522804
0.92600000000000004530,  0.00903925676818618726
0.92700000000000004619,  0.00903922272976469265
0.92800000000000004707,  0.00903918893077574996
0.92900000000000004796,  0.00903915536936281648
0.93000000000000004885,  0.00903912204369139438
0.93100000000000004974,  0.00903908895193497944
0.93200000000000005063,  0.00903905609228720930
0.93300000000000005151,  0.00903902346295646676
0.93400000000000005240,  0.00903899106216088030
0.93500000000000005329,  0.00903895888813989468
0.93600000000000005418,  0.00903892693914001497
0.93700000000000005507,  0.00903889521342922213
0.93800000000000005596,  0.00903886370928274653
0.93900000000000005684,  0.00903883242499686247
0.94000000000000005773,  0.00903880135887427834
0.94100000000000005862,  0.00903877050923943166
0.94200000000000005951,  0.00903873987442213589
0.94300000000000006040,  0.00903870945277431698
0.94400000000000006128,  0.00903867924265289863
0.94500000000000006217,  0.00903864924243638103
0.94600000000000006306,  0.00903861945050848069
0.94700000000000006395,  0.00903858986527393722
0.94800000000000006484,  0.00903856048514231104
0.94900000000000006573,  0.00903853130854466447
0.95000000000000006661,  0.00903850233391567844
0.95100000000000006750,  0.00903847355971219672
0.95200000000000006839,  0.00903844498439425673
0.95300000000000006928,  0.00903841660644337866
0.95400000000000007017,  0.00903838842434453657
0.95500000000000007105,  0.00903836043660158871
0.95600000000000007194,  0.00903833264173123374
0.95700000000000007283,  0.00903830503825418796
0.95800000000000007372,  0.00903827762471349182
0.95900000000000007461,  0.00903825039965362037
0.95999999999999996447,  0.00903822336163836310
0.96099999999999996536,  0.00903819650924108688
0.96199999999999996625,  0.00903816984104916649
0.96299999999999996714,  0.00903814335565305584
0.96399999999999996803,  0.00903811705166584350
0.96499999999999996891,  0.00903809092769995541
0.96599999999999996980,  0.00903806498239168379
0.96699999999999997069,  0.00903803921437542138
0.96799999999999997158,  0.00903801362231000313
0.96899999999999997247,  0.00903798820485073040
0.96999999999999997335,  0.00903796296067887334
0.97099999999999997424,  0.00903793788847110334
0.97199999999999997513,  0.00903791298692982990
0.97299999999999997602,  0.00903788825475268683
0.97399999999999997691,  0.00903786369066360458
0.97499999999999997780,  0.00903783929338030159
0.97599999999999997868,  0.00903781506164826574
0.97699999999999997957,  0.00903779099420456457
0.97799999999999998046,  0.00903776708981032621
0.97899999999999998135,  0.00903774334723779840
0.97999999999999998224,  0.00903771976525285722
0.98099999999999998312,  0.00903769634265304787
0.98199999999999998401,  0.00903767307822295890
0.98299999999999998490,  0.00903764997078064167
0.98399999999999998579,  0.00903762701912890973
0.98499999999999998668,  0.00903760422210629633
0.98599999999999998757,  0.00903758157853268122
0.98699999999999998845,  0.00903755908726737271
0.98799999999999998934,  0.00903753674714640257
0.98899999999999999023,  0.00903751455705061046
0.98999999999999999112,  0.00903749251583144120
0.99099999999999999201,  0.00903747062239083909
0.99199999999999999289,  0.00903744887559457429
0.99299999999999999378,  0.00903742727436728302
0.99399999999999999467,  0.00903740581758589491
0.99499999999999999556,  0.00903738450420150594
0.99599999999999999645,  0.00903736333309670611
0.99699999999999999734,  0.00903734230325724600
0.99799999999999999822,  0.00903732141355696565
0.99899999999999999911,  0.00903730066305660773
1.00000000000000000000,  0.00000000000000000000
