0.00000000000000000000,  inf
0.00100000000000000002,  1.00913594469068446102
0.00200000000000000004,  0.50686218876772282105
0.00300000000000000006,  0.33944214919264920072
0.00400000000000000008,  0.25573553804645482446
0.00500000000000000010,  0.20551429770042536904
0.00600000000000000012,  0.17203574224094120293
0.00700000000000000015,  0.14812443481585871319
0.00800000000000000017,  0.13019265697112653024
0.00900000000000000105,  0.11624723176297860339
0.01000000000000000021,  0.10509225300282065696
0.01099999999999999936,  0.09596668945944719642
0.01200000000000000025,  0.08836318696015696417
0.01300000000000000114,  0.08193050029134707479
0.01400000000000000029,  0.07641773999886317115
0.01499999999999999944,  0.07164092046819692250
0.01600000000000000033,  0.06746205247462853938
0.01700000000000000122,  0.06377561483329939607
0.01800000000000000211,  0.06049953549927739732
0.01899999999999999953,  0.05756902074127989710
0.02000000000000000042,  0.05493223556327617163
0.02100000000000000130,  0.05254721829135796524
0.02199999999999999872,  0.05037963663690660926
0.02299999999999999961,  0.04840112913459698740
0.02400000000000000050,  0.04658806122089177715
0.02500000000000000139,  0.04492057985370684348
0.02600000000000000228,  0.04338188629676126978
0.02699999999999999969,  0.04195767050741227439
0.02800000000000000058,  0.04063566672709154060
0.02900000000000000147,  0.03940530101855326678
0.02999999999999999889,  0.03825740929567029991
0.03099999999999999978,  0.03718400992810909356
0.03200000000000000067,  0.03617811898262915382
0.03300000000000000155,  0.03523359905687312166
0.03400000000000000244,  0.03434503478954888112
0.03500000000000000333,  0.03350762971172139421
0.03600000000000000422,  0.03271712028955522239
0.03699999999999999817,  0.03196970390607845047
0.03799999999999999906,  0.03126197821423971901
0.03899999999999999994,  0.03059088982026775955
0.04000000000000000083,  0.02995369066452979387
0.04100000000000000172,  0.02934790078567255794
0.04200000000000000261,  0.02877127640418002119
0.04300000000000000350,  0.02822178245938255711
0.04399999999999999745,  0.02769756889142253528
0.04499999999999999833,  0.02719695008562184740
0.04599999999999999922,  0.02671838699802423292
0.04700000000000000011,  0.02626047156277792893
0.04800000000000000100,  0.02582191304860013623
0.04900000000000000189,  0.02540152608587452690
0.05000000000000000278,  0.02499822013050131617
0.05100000000000000366,  0.02461099016729153752
0.05200000000000000455,  0.02423890848604964843
0.05299999999999999850,  0.02388111738866205078
0.05399999999999999939,  0.02353682270651314551
0.05500000000000000028,  0.02320528802509091645
0.05600000000000000117,  0.02288582952738351176
0.05700000000000000205,  0.02257781138007923169
0.05800000000000000294,  0.02228064159705378522
0.05900000000000000383,  0.02199376832352209488
0.05999999999999999778,  0.02171667649177359133
0.06099999999999999867,  0.02144888480585263602
0.06199999999999999956,  0.02118994301804245223
0.06300000000000000044,  0.02093942946473575234
0.06400000000000000133,  0.02069694883331226615
0.06500000000000000222,  0.02046213013515565601
0.06600000000000000311,  0.02023462486293708604
0.06700000000000000400,  0.02001410531292381612
0.06800000000000000488,  0.01980026305531484149
0.06900000000000000577,  0.01959280753759223490
0.07000000000000000666,  0.01939146480758658850
0.07100000000000000755,  0.01919597634445181084
0.07200000000000000844,  0.01900609798705880926
0.07299999999999999545,  0.01882159895046533332
0.07399999999999999634,  0.01864226092213415453
0.07499999999999999722,  0.01846787723045099916
0.07599999999999999811,  0.01829825207888913924
0.07699999999999999900,  0.01813319983984587255
0.07799999999999999989,  0.01797254440280349891
0.07900000000000000078,  0.01781611857199284776
0.08000000000000000167,  0.01766376350923577407
0.08100000000000000255,  0.01751532821805599008
0.08200000000000000344,  0.01737066906554040127
0.08300000000000000433,  0.01722964933876233729
0.08400000000000000522,  0.01709213883289158881
0.08500000000000000611,  0.01695801346837540885
0.08600000000000000699,  0.01682715493483221553
0.08700000000000000788,  0.01669945035950197790
0.08799999999999999489,  0.01657479199830172098
0.08899999999999999578,  0.01645307694771040372
0.08999999999999999667,  0.01633420687586131445
0.09099999999999999756,  0.01621808777136358667
0.09199999999999999845,  0.01610462970850611020
0.09299999999999999933,  0.01599374662760948487
0.09400000000000000022,  0.01588535612939793312
0.09500000000000000111,  0.01577937928235811915
0.09600000000000000200,  0.01567574044213781992
0.09700000000000000289,  0.01557436708211740357
0.09800000000000000377,  0.01547518963435240424
0.09900000000000000466,  0.01537814134015809409
0.10000000000000000555,  0.01528315810965693612
0.10100000000000000644,  0.01519017838967189754
0.10200000000000000733,  0.01509914303938931536
0.10300000000000000822,  0.01500999521326497332
0.10400000000000000910,  0.01492268025068645490
0.10499999999999999611,  0.01483714557193931138
0.10599999999999999700,  0.01475334058006423470
0.10699999999999999789,  0.01467121656821293064
0.10799999999999999878,  0.01459072663215797185
0.10899999999999999967,  0.01451182558761147413
0.11000000000000000056,  0.01443446989205864409
0.11100000000000000144,  0.01435861757081460972
0.11200000000000000233,  0.01428422814704232574
0.11300000000000000322,  0.01421126257548754532
0.11400000000000000411,  0.01413968317970048898
0.11500000000000000500,  0.01406945359253311024
0.11600000000000000588,  0.01400053869971452057
0.11700000000000000677,  0.01393290458631883146
0.11800000000000000766,  0.01386651848595711611
0.11900000000000000855,  0.01380134873252962004
0.11999999999999999556,  0.01373736471439038730
0.12099999999999999645,  0.01367453683078471809
0.12199999999999999734,  0.01361283645043039406
0.12299999999999999822,  0.01355223587211806802
0.12399999999999999911,  0.01349270828721671305
0.12500000000000000000,  0.01343422774398377213
0.12600000000000000089,  0.01337676911356863382
0.12700000000000000178,  0.01332030805762732251
0.12800000000000000266,  0.01326482099745093443
0.12900000000000000355,  0.01321028508453484483
0.13000000000000000444,  0.01315667817250144866
0.13100000000000000533,  0.01310397879031237507
0.13200000000000000622,  0.01305216611669617228
0.13300000000000000711,  0.01300121995573179541
0.13400000000000000799,  0.01295112071352212506
0.13500000000000000888,  0.01290184937590821077
0.13600000000000000977,  0.01285338748716401830
0.13700000000000001066,  0.01280571712962458308
0.13800000000000001155,  0.01275882090420047896
0.13900000000000001243,  0.01271268191173392098
0.14000000000000001332,  0.01266728373515190777
0.14100000000000001421,  0.01262261042238114854
0.14200000000000001510,  0.01257864646998310167
0.14300000000000001599,  0.01253537680747727340
0.14400000000000001688,  0.01249278678231627651
0.14499999999999999001,  0.01245086214548315681
0.14599999999999999090,  0.01240958903768058647
0.14699999999999999178,  0.01236895397608431604
0.14799999999999999267,  0.01232894384163221724
0.14899999999999999356,  0.01228954586682710903
0.14999999999999999445,  0.01225074762402626229
0.15099999999999999534,  0.01221253701419620225
0.15199999999999999623,  0.01217490225611102435
0.15299999999999999711,  0.01213783187597571554
0.15399999999999999800,  0.01210131469745324810
0.15499999999999999889,  0.01206533983207664848
0.15599999999999999978,  0.01202989667003051544
0.15700000000000000067,  0.01199497487128625001
0.15800000000000000155,  0.01196056435707005747
0.15900000000000000244,  0.01192665530165829511
0.16000000000000000333,  0.01189323812447546508
0.16100000000000000422,  0.01186030348249048939
0.16200000000000000511,  0.01182784226289060152
0.16300000000000000600,  0.01179584557603009266
0.16400000000000000688,  0.01176430474863200681
0.16500000000000000777,  0.01173321131724067851
0.16600000000000000866,  0.01170255702190830388
0.16700000000000000955,  0.01167233380010953940
0.16800000000000001044,  0.01164253378087461502
0.16900000000000001132,  0.01161314927912784206
0.17000000000000001221,  0.01158417279022863275
0.17100000000000001310,  0.01155559698470268008
0.17200000000000001399,  0.01152741470315677558
0.17300000000000001488,  0.01149961895137079082
0.17400000000000001577,  0.01147220289555873907
0.17500000000000001665,  0.01144515985779178888
0.17599999999999998979,  0.01141848331157761971
0.17699999999999999067,  0.01139216687758894640
0.17799999999999999156,  0.01136620431953786273
0.17899999999999999245,  0.01134058954018591150
0.17999999999999999334,  0.01131531657748986210
0.18099999999999999423,  0.01129037960087269504
0.18199999999999999512,  0.01126577290761950415
0.18299999999999999600,  0.01124149091938904041
0.18399999999999999689,  0.01121752817884336118
0.18499999999999999778,  0.01119387934638104744
0.18599999999999999867,  0.01117053919698098897
0.18699999999999999956,  0.01114750261714371297
0.18800000000000000044,  0.01112476460193353479
0.18900000000000000133,  0.01110232025211068882
0.19000000000000000222,  0.01108016477135786992
0.19100000000000000311,  0.01105829346359154565
0.19200000000000000400,  0.01103670173035825770
0.19300000000000000488,  0.01101538506831051603
0.19400000000000000577,  0.01099433906676306437
0.19500000000000000666,  0.01097355940532198509
0.19600000000000000755,  0.01095304185158803637
0.19700000000000000844,  0.01093278225892789154
0.19800000000000000933,  0.01091277656431639993
0.19900000000000001021,  0.01089302078623974324
0.20000000000000001110,  0.01087351102266511001
0.20100000000000001199,  0.01085424344906696197
0.20200000000000001288,  0.01083521431651688315
0.20300000000000001377,  0.01081641994982540482
0.20400000000000001465,  0.01079785674574142498
0.20500000000000001554,  0.01077952117120147338
0.20600000000000001643,  0.01076140976163377991
0.20700000000000001732,  0.01074351911930748228
0.20800000000000001821,  0.01072584591173308781
0.20899999999999999134,  0.01070838687010450437
0.20999999999999999223,  0.01069113878779070527
0.21099999999999999312,  0.01067409851886578706
0.21199999999999999400,  0.01065726297668358018
0.21299999999999999489,  0.01064062913249024141
0.21399999999999999578,  0.01062419401407719600
0.21499999999999999667,  0.01060795470447198872
0.21599999999999999756,  0.01059190834066299665
0.21699999999999999845,  0.01057605211236216543
0.21799999999999999933,  0.01056038326080030801
0.21900000000000000022,  0.01054489907755619578
0.22000000000000000111,  0.01052959690341641157
0.22100000000000000200,  0.01051447412726710939
0.22200000000000000289,  0.01049952818501537384
0.22300000000000000377,  0.01048475655854007663
0.22400000000000000466,  0.01047015677466915130
0.22500000000000000555,  0.01045572640418658029
0.22600000000000000644,  0.01044146306086342346
0.22700000000000000733,  0.01042736440051706889
0.22800000000000000822,  0.01041342812009075566
0.22900000000000000910,  0.01039965195676361559
0.23000000000000000999,  0.01038603368707632056
0.23100000000000001088,  0.01037257112608765998
0.23200000000000001177,  0.01035926212654483293
0.23300000000000001266,  0.01034610457808147858
0.23400000000000001354,  0.01033309640643216218
0.23500000000000001443,  0.01032023557267015487
0.23600000000000001532,  0.01030752007246046702
0.23700000000000001621,  0.01029494793533586826
0.23800000000000001710,  0.01028251722398865718
0.23900000000000001799,  0.01027022603358102720
0.23999999999999999112,  0.01025807249107262703
0.24099999999999999201,  0.01024605475456417773
0.24199999999999999289,  0.01023417101265933563
0.24299999999999999378,  0.01022241948383912670
0.24399999999999999467,  0.01021079841585438748
0.24499999999999999556,  0.01019930608513190153
0.24599999999999999645,  0.01018794079619531751
0.24699999999999999734,  0.01017670088109945241
0.24799999999999999822,  0.01016558469887956541
0.24899999999999999911,  0.01015459063501323971
0.25000000000000000000,  0.01014371710089413160
0.25100000000000000089,  0.01013296253331910299
0.25200000000000000178,  0.01012232539398954557
0.25300000000000000266,  0.01011180416902018181
0.25400000000000000355,  0.01010139736846292317
0.25500000000000000444,  0.01009110352584090438
0.25600000000000000533,  0.01008092119769292243
0.25700000000000000622,  0.01007084896312966139
0.25800000000000000711,  0.01006088542339818835
0.25900000000000000799,  0.01005102920145851259
0.26000000000000000888,  0.01004127894156890861
0.26100000000000000977,  0.01003163330888205869
0.26200000000000001066,  0.01002209098904761203
0.26300000000000001155,  0.01001265068782608396
0.26400000000000001243,  0.01000331113071185364
0.26500000000000001332,  0.00999407106256234266
0.26600000000000001421,  0.00998492924723819002
0.26700000000000001510,  0.00997588446724899207
0.26800000000000001599,  0.00996693552340944221
0.26900000000000001688,  0.00995808123450111354
0.27000000000000001776,  0.00994932043694241562
0.27100000000000001865,  0.00994065198446647362
0.27200000000000001954,  0.00993207474780527511
0.27300000000000002043,  0.00992358761438072445
0.27400000000000002132,  0.00991518948800209320
0.27500000000000002220,  0.00990687928857256206
0.27600000000000002309,  0.00989865595179862008
0.27700000000000002398,  0.00989051842890754755
0.27800000000000002487,  0.00988246568637098435
0.27900000000000002576,  0.00987449670563391758
0.28000000000000002665,  0.00986661048285027674
0.28100000000000002753,  0.00985880602862300101
0.28200000000000002842,  0.00985108236774974617
0.28300000000000002931,  0.00984343853897599701
0.28400000000000003020,  0.00983587359475052159
0.28500000000000003109,  0.00982838660098693008
0.28600000000000003197,  0.00982097663683191395
0.28700000000000003286,  0.00981364279443545061
0.28800000000000003375,  0.00980638417872776481
0.28899999999999997913,  0.00979919990720041177
0.28999999999999998002,  0.00979208910969204226
0.29099999999999998090,  0.00978505092817786790
0.29199999999999998179,  0.00977808451656309204
0.29299999999999998268,  0.00977118904048377042
0.29399999999999998357,  0.00976436367710663278
0.29499999999999998446,  0.00975760761493701077
0.29599999999999998535,  0.00975092005362877996
0.29699999999999998623,  0.00974430020379895949
0.29799999999999998712,  0.00973774728684534928
0.29899999999999998801,  0.00973126053476780495
0.29999999999999998890,  0.00972483918999321809
0.30099999999999998979,  0.00971848250520516987
0.30199999999999999067,  0.00971218974317524832
0.30299999999999999156,  0.00970596017659698662
0.30399999999999999245,  0.00969979308792663815
0.30499999999999999334,  0.00969368776922349684
0.30599999999999999423,  0.00968764352199467764
0.30699999999999999512,  0.00968165965704307664
0.30799999999999999600,  0.00967573549431794550
0.30899999999999999689,  0.00966987036276884676
0.30999999999999999778,  0.00966406360020104563
0.31099999999999999867,  0.00965831455313520722
0.31199999999999999956,  0.00965262257666995790
0.31300000000000000044,  0.00964698703434516830
0.31400000000000000133,  0.00964140729800901618
0.31500000000000000222,  0.00963588274768842692
0.31600000000000000311,  0.00963041277146024603
0.31700000000000000400,  0.00962499676532637370
0.31800000000000000488,  0.00961963413308897751
0.31900000000000000577,  0.00961432428623097343
0.32000000000000000666,  0.00960906664379736035
0.32100000000000000755,  0.00960386063227806029
0.32200000000000000844,  0.00959870568549359322
0.32300000000000000933,  0.00959360124448234777
0.32400000000000001021,  0.00958854675739182968
0.32500000000000001110,  0.00958354167936912617
0.32600000000000001199,  0.00957858547245508778
0.32700000000000001288,  0.00957367760548062489
0.32800000000000001377,  0.00956881755396330781
0.32900000000000001465,  0.00956400480000757849
0.33000000000000001554,  0.00955923883220552439
0.33100000000000001643,  0.00955451914554015375
0.33200000000000001732,  0.00954984524129055476
0.33300000000000001821,  0.00954521662693771228
0.33400000000000001910,  0.00954063281607250499
0.33500000000000001998,  0.00953609332830640880
0.33600000000000002087,  0.00953159768918199375
0.33700000000000002176,  0.00952714543008625209
0.33800000000000002265,  0.00952273608816454897
0.33900000000000002354,  0.00951836920623731590
0.34000000000000002442,  0.00951404433271733907
0.34100000000000002531,  0.00950976102152792033
0.34200000000000002620,  0.00950551883202335746
0.34300000000000002709,  0.00950131732891151479
0.34400000000000002798,  0.00949715608217523502
0.34500000000000002887,  0.00949303466699793173
0.34600000000000002975,  0.00948895266368834922
0.34700000000000003064,  0.00948490965760800941
0.34800000000000003153,  0.00948090523909954005
0.34900000000000003242,  0.00947693900341463683
0.35000000000000003331,  0.00947301055064623219
0.35100000000000003419,  0.00946911948565935975
0.35199999999999997957,  0.00946526541802439857
0.35299999999999998046,  0.00946144796195001574
0.35399999999999998135,  0.00945766673622027224
0.35499999999999998224,  0.00945392136412848486
0.35599999999999998312,  0.00945021147341575628
0.35699999999999998401,  0.00944653669620964045
0.35799999999999998490,  0.00944289666896239339
0.35899999999999998579,  0.00943929103239165256
0.35999999999999998668,  0.00943571943142138339
0.36099999999999998757,  0.00943218151512542451
0.36199999999999998845,  0.00942867693666888350
0.36299999999999998934,  0.00942520535325317745
0.36399999999999999023,  0.00942176642606108034
0.36499999999999999112,  0.00941835982020248520
0.36599999999999999201,  0.00941498520466120363
0.36699999999999999289,  0.00941164225224245567
0.36799999999999999378,  0.00940833063952081078
0.36899999999999999467,  0.00940505004679119752
0.36999999999999999556,  0.00940180015801736491
0.37099999999999999645,  0.00939858066078319218
0.37199999999999999734,  0.00939539124624459189
0.37299999999999999822,  0.00939223160908234621
0.37399999999999999911,  0.00938910144745424245
0.37500000000000000000,  0.00938600046294956782
0.37600000000000000089,  0.00938292836054419391
0.37700000000000000178,  0.00937988484855520853
0.37800000000000000266,  0.00937686963859758402
0.37900000000000000355,  0.00937388244554019159
0.38000000000000000444,  0.00937092298746401361
0.38100000000000000533,  0.00936799098561985968
0.38200000000000000622,  0.00936508616438676104
0.38300000000000000711,  0.00936220825123190714
0.38400000000000000799,  0.00935935697667066892
0.38500000000000000888,  0.00935653207422646946
0.38600000000000000977,  0.00935373328039219333
0.38700000000000001066,  0.00935096033459257257
0.38800000000000001155,  0.00934821297914639401
0.38900000000000001243,  0.00934549095922890434
0.39000000000000001332,  0.00934279402283551275
0.39100000000000001421,  0.00934012192074606951
0.39200000000000001510,  0.00933747440648909598
0.39300000000000001599,  0.00933485123630825760
0.39400000000000001688,  0.00933225216912518356
0.39500000000000001776,  0.00932967696650811688
0.39600000000000001865,  0.00932712539263803007
0.39700000000000001954,  0.00932459721427502698
0.39800000000000002043,  0.00932209220072639962
0.39900000000000002132,  0.00931961012381532505
0.40000000000000002220,  0.00931715075784891184
0.40100000000000002309,  0.00931471387958630534
0.40200000000000002398,  0.00931229926821012209
0.40300000000000002487,  0.00930990670529527158
0.40400000000000002576,  0.00930753597477896981
0.40500000000000002665,  0.00930518686293215110
0.40600000000000002753,  0.00930285915833033335
0.40700000000000002842,  0.00930055265182606374
0.40800000000000002931,  0.00929826713652062188
0.40900000000000003020,  0.00929600240773532233
0.41000000000000003109,  0.00929375826298575389
0.41100000000000003197,  0.00929153450195504930
0.41200000000000003286,  0.00928933092646655294
0.41300000000000003375,  0.00928714734045841747
0.41400000000000003464,  0.00928498354995722745
0.41500000000000003553,  0.00928283936305429949
0.41600000000000003642,  0.00928071458987923467
0.41699999999999998179,  0.00927860904257635233
0.41799999999999998268,  0.00927652253527951748
0.41899999999999998357,  0.00927445488408886951
0.41999999999999998446,  0.00927240590704769135
0.42099999999999998535,  0.00927037542411803320
0.42199999999999998623,  0.00926836325715962688
0.42299999999999998712,  0.00926636922990494750
0.42399999999999998801,  0.00926439316793816262
0.42499999999999998890,  0.00926243489867378984
0.42599999999999998979,  0.00926049425133467809
0.42699999999999999067,  0.00925857105692926875
0.42799999999999999156,  0.00925666514823294227
0.42899999999999999245,  0.00925477635976528629
0.42999999999999999334,  0.00925290452777101369
0.43099999999999999423,  0.00925104949019816929
0.43199999999999999512,  0.00924921108667840948
0.43299999999999999600,  0.00924738915850997073
0.43399999999999999689,  0.00924558354863467061
0.43499999999999999778,  0.00924379410162119546
0.43599999999999999867,  0.00924202066364483536
0.43699999999999999956,  0.00924026308246967722
0.43800000000000000044,  0.00923852120743066073
0.43900000000000000133,  0.00923679488941322145
0.44000000000000000222,  0.00923508398083805818
0.44100000000000000311,  0.00923338833564208566
0.44200000000000000400,  0.00923170780926143610
0.44300000000000000488,  0.00923004225861387764
0.44400000000000000577,  0.00922839154208167194
0.44500000000000000666,  0.00922675551949628941
0.44600000000000000755,  0.00922513405211985126
0.44700000000000000844,  0.00922352700263028881
0.44800000000000000933,  0.00922193423510486374
0.44900000000000001021,  0.00922035561500411140
0.45000000000000001110,  0.00921879100915616589
0.45100000000000001199,  0.00921724028574133318
0.45200000000000001288,  0.00921570331427745346
0.45300000000000001377,  0.00921417996560381855
0.45400000000000001465,  0.00921267011186672515
0.45500000000000001554,  0.00921117362650523443
0.45600000000000001643,  0.00920969038423606959
0.45700000000000001732,  0.00920822026103953334
0.45800000000000001821,  0.00920676313414519470
0.45900000000000001910,  0.00920531888201816563
0.46000000000000001998,  0.00920388738434515380
0.46100000000000002087,  0.00920246852202214263
0.46200000000000002176,  0.00920106217713826009
0.46300000000000002265,  0.00919966823296465390
0.46400000000000002354,  0.00919828657394142213
0.46500000000000002442,  0.00919691708566367644
0.46600000000000002531,  0.00919555965486963146
0.46700000000000002620,  0.00919421416942677386
0.46800000000000002709,  0.00919288051832134641
0.46900000000000002798,  0.00919155859164439218
0.47000000000000002887,  0.00919024828058069912
0.47100000000000002975,  0.00918894947739622332
0.47200000000000003064,  0.00918766207542626341
0.47300000000000003153,  0.00918638596906422474
0.47400000000000003242,  0.00918512105374969141
0.47500000000000003331,  0.00918386722595702920
0.47600000000000003419,  0.00918262438318482102
0.47700000000000003508,  0.00918139242394345155
0.47800000000000003597,  0.00918017124774546563
0.47900000000000003686,  0.00917896075509408264
0.47999999999999998224,  0.00917776084747251412
0.48099999999999998312,  0.00917657142733317201
0.48199999999999998401,  0.00917539239808789868
0.48299999999999998490,  0.00917422366409722558
0.48399999999999998579,  0.00917306513066019381
0.48499999999999998668,  0.00917191670400363188
0.48599999999999998757,  0.00917077829127420710
0.48699999999999998845,  0.00916964980052597037
0.48799999999999998934,  0.00916853114071264005
0.48899999999999999023,  0.00916742222167647031
0.48999999999999999112,  0.00916632295414123756
0.49099999999999999201,  0.00916523324970022236
0.49199999999999999289,  0.00916415302080718537
0.49299999999999999378,  0.00916308218076958975
0.49399999999999999467,  0.00916202064373722661
0.49499999999999999556,  0.00916096832469421099
0.49599999999999999645,  0.00915992513944971672
0.49699999999999999734,  0.00915889100462995327
0.49799999999999999822,  0.00915786583766923373
0.49899999999999999911,  0.00915684955680102358
0.50000000000000000000,  0.00915584208105010323
0.50100000000000000089,  0.00915484333022405748
0.50200000000000000178,  0.00915385322490552301
0.50300000000000000266,  0.00915287168644260060
0.50400000000000000355,  0.00915189863694325367
0.50500000000000000444,  0.00915093399926453048
0.50600000000000000533,  0.00914997769700736860
0.50700000000000000622,  0.00914902965450680936
0.50800000000000000711,  0.00914808979682607548
0.50900000000000000799,  0.00914715804974729728
0.51000000000000000888,  0.00914623433976553650
0.51100000000000000977,  0.00914531859408037641
0.51200000000000001066,  0.00914441074058932636
0.51300000000000001155,  0.00914351070787990626
0.51400000000000001243,  0.00914261842522323155
0.51500000000000001332,  0.00914173382256614105
0.51600000000000001421,  0.00914085683052517570
0.51700000000000001510,  0.00913998738037852601
0.51800000000000001599,  0.00913912540406085910
0.51900000000000001688,  0.00913827083415437273
0.52000000000000001776,  0.00913742360388472910
0.52100000000000001865,  0.00913658364711223726
0.52200000000000001954,  0.00913575089832654487
0.52300000000000002043,  0.00913492529263937661
0.52400000000000002132,  0.00913410676577924158
0.52500000000000002220,  0.00913329525408469560
0.52600000000000002309,  0.00913249069449728439
0.52700000000000002398,  0.00913169302455683375
0.52800000000000002487,  0.00913090218239383938
0.52900000000000002576,  0.00913011810672523932
0.53000000000000002665,  0.00912934073684621913
0.53100000000000002753,  0.00912857001262721082
0.53200000000000002842,  0.00912780587450509606
0.53300000000000002931,  0.00912704826347999001
0.53400000000000003020,  0.00912629712110703782
0.53500000000000003109,  0.00912555238949357833
0.53600000000000003197,  0.00912481401129093539
0.53700000000000003286,  0.00912408192969111319
0.53800000000000003375,  0.00912335608841966829
0.53900000000000003464,  0.00912263643173168853
0.54000000000000003553,  0.00912192290440525487
0.54100000000000003642,  0.00912121545173779670
0.54200000000000003730,  0.00912051401953856665
0.54300000000000003819,  0.00911981855412583725
0.54400000000000003908,  0.00911912900231998461
0.54500000000000003997,  0.00911844531144031557
0.54600000000000004086,  0.00911776742929799877
0.54700000000000004174,  0.00911709530419276860
0.54800000000000004263,  0.00911642888490793619
0.54900000000000004352,  0.00911576812070360488
0.55000000000000004441,  0.00911511296131527031
0.55100000000000004530,  0.00911446335694575567
0.55200000000000004619,  0.00911381925826344232
0.55300000000000004707,  0.00911318061639490584
0.55400000000000004796,  0.00911254738292313626
0.55500000000000004885,  0.00911191950988026432
0.55600000000000004974,  0.00911129694974614594
0.55700000000000005063,  0.00911067965544027844
0.55800000000000005151,  0.00911006758032138937
0.55900000000000005240,  0.00910946067817981417
0.56000000000000005329,  0.00910885890323552896
0.56100000000000005418,  0.00910826221013176680
0.56200000000000005507,  0.00910767055393365069
0.56300000000000005596,  0.00910708389012113151
0.56400000000000005684,  0.00910650217458734007
0.56500000000000005773,  0.00910592536363197085
0.56600000000000005862,  0.00910535341396064360
0.56700000000000005951,  0.00910478628267719949
0.56800000000000006040,  0.00910422392728302970
0.56900000000000006128,  0.00910366630567086867
0.57000000000000006217,  0.00910311337612239486
0.57100000000000006306,  0.00910256509730379346
0.57200000000000006395,  0.00910202142826226426
0.57300000000000006484,  0.00910148232842232854
0.57400000000000006573,  0.00910094775758148351
0.57500000000000006661,  0.00910041767590764362
0.57600000000000006750,  0.00909989204393407865
0.57699999999999995737,  0.00909937082255798599
0.57799999999999995826,  0.00909885397303498988
0.57899999999999995914,  0.00909834145697671279
0.57999999999999996003,  0.00909783323634653744
0.58099999999999996092,  0.00909732927345781144
0.58199999999999996181,  0.00909682953096751373
0.58299999999999996270,  0.00909633397187668315
0.58399999999999996358,  0.00909584255952376047
0.58499999999999996447,  0.00909535525758346786
0.58599999999999996536,  0.00909487203006209381
0.58699999999999996625,  0.00909439284129605167
0.58799999999999996714,  0.00909391765594654532
0.58899999999999996803,  0.00909344643899847281
0.58999999999999996891,  0.00909297915575569063
0.59099999999999996980,  0.00909251577183917831
0.59199999999999997069,  0.00909205625318371818
0.59299999999999997158,  0.00909160056603339033
0.59399999999999997247,  0.00909114867694134528
0.59499999999999997335,  0.00909070055276395804
0.59599999999999997424,  0.00909025616066082634
0.59699999999999997513,  0.00908981546808897492
0.59799999999999997602,  0.00908937844280208185
0.59899999999999997691,  0.00908894505284625620
0.59999999999999997780,  0.00908851526655935632
0.60099999999999997868,  0.00908808905256483501
0.60199999999999997957,  0.00908766637977267457
0.60299999999999998046,  0.00908724721737370379
0.60399999999999998135,  0.00908683153483890241
0.60499999999999998224,  0.00908641930191545974
0.60599999999999998312,  0.00908601048862500878
0.60699999999999998401,  0.00908560506526044469
0.60799999999999998490,  0.00908520300238393162
0.60899999999999998579,  0.00908480427082305163
0.60999999999999998668,  0.00908440884167116026
0.61099999999999998757,  0.00908401668628086925
0.61199999999999998845,  0.00908362777626458423
0.61299999999999998934,  0.00908324208349076297
0.61399999999999999023,  0.00908285958008251022
0.61499999999999999112,  0.00908248023841402158
0.61599999999999999201,  0.00908210403110790501
0.61699999999999999289,  0.00908173093103502652
0.61799999999999999378,  0.00908136091130969797
0.61899999999999999467,  0.00908099394528957653
0.61999999999999999556,  0.00908063000657029044
0.62099999999999999645,  0.00908026906898701594
0.62199999999999999734,  0.00907991110660870231
0.62299999999999999822,  0.00907955609373924978
0.62399999999999999911,  0.00907920400491177976
0.62500000000000000000,  0.00907885481489017522
0.62600000000000000089,  0.00907850849866290339
0.62700000000000000178,  0.00907816503144449026
0.62800000000000000266,  0.00907782438867115599
0.62900000000000000355,  0.00907748654600039860
0.63000000000000000444,  0.00907715147930621309
0.63100000000000000533,  0.00907681916468067174
0.63200000000000000622,  0.00907648957842872861
0.63300000000000000711,  0.00907616269706879898
0.63400000000000000799,  0.00907583849732849363
0.63500000000000000888,  0.00907551695614418862
0.63600000000000000977,  0.00907519805065784731
0.63700000000000001066,  0.00907488175821664043
0.63800000000000001155,  0.00907456805637043250
0.63900000000000001243,  0.00907425692286802955
0.64000000000000001332,  0.00907394833565919323
0.64100000000000001421,  0.00907364227288891441
0.64200000000000001510,  0.00907333871289791108
0.64300000000000001599,  0.00907303763421956656
0.64400000000000001688,  0.00907273901557940216
0.64500000000000001776,  0.00907244283589202574
0.64600000000000001865,  0.00907214907426033383
0.64700000000000001954,  0.00907185770997281406
0.64800000000000002043,  0.00907156872250308895
0.64900000000000002132,  0.00907128209150630770
0.65000000000000002220,  0.00907099779682031364
0.65100000000000002309,  0.00907071581846030477
0.65200000000000002398,  0.00907043613662101428
0.65300000000000002487,  0.00907015873167170243
0.65400000000000002576,  0.00906988358415694237
0.65500000000000002665,  0.00906961067479322876
0.65600000000000002753,  0.00906933998446933856
0.65700000000000002842,  0.00906907149424263613
0.65800000000000002931,  0.00906880518533913736
0.65900000000000003020,  0.00906854103915049128
0.66000000000000003109,  0.00906827903723425068
0.66100000000000003197,  0.00906801916131137233
0.66200000000000003286,  0.00906776139326371904
0.66300000000000003375,  0.00906750571513489402
0.66400000000000003464,  0.00906725210912610012
0.66500000000000003553,  0.00906700055759702278
0.66600000000000003642,  0.00906675104306253581
0.66700000000000003730,  0.00906650354819295463
0.66800000000000003819,  0.00906625805581092944
0.66900000000000003908,  0.00906601454889207140
0.67000000000000003997,  0.00906577301056085694
0.67100000000000004086,  0.00906553342409212662
0.67200000000000004174,  0.00906529577290718022
0.67300000000000004263,  0.00906506004057445851
0.67400000000000004352,  0.00906482621080702440
0.67500000000000004441,  0.00906459426746139899
0.67600000000000004530,  0.00906436419453642353
0.67700000000000004619,  0.00906413597617230712
0.67800000000000004707,  0.00906390959664812521
0.67900000000000004796,  0.00906368504038263315
0.68000000000000004885,  0.00906346229192968832
0.68100000000000004974,  0.00906324133598154433
0.68200000000000005063,  0.00906302215736305532
0.68300000000000005151,  0.00906280474103379578
0.68400000000000005240,  0.00906258907208525206
0.68500000000000005329,  0.00906237513573909630
0.68600000000000005418,  0.00906216291734810928
0.68700000000000005507,  0.00906195240239216632
0.68800000000000005596,  0.00906174357648009514
0.68900000000000005684,  0.00906153642534601560
0.69000000000000005773,  0.00906133093484998847
0.69100000000000005862,  0.00906112709097471603
0.69200000000000005951,  0.00906092487982748489
0.69300000000000006040,  0.00906072428763598017
0.69400000000000006128,  0.00906052530074972183
0.69500000000000006217,  0.00906032790563641478
0.69600000000000006306,  0.00906013208888361773
0.69700000000000006395,  0.00905993783719472555
0.69800000000000006484,  0.00905974513739141174
0.69900000000000006573,  0.00905955397640832195
0.70000000000000006661,  0.00905936434129667005
0.70100000000000006750,  0.00905917621921892117
0.70200000000000006839,  0.00905898959745151527
0.70300000000000006928,  0.00905880446338009661
0.70399999999999995914,  0.00905862080450170297
0.70499999999999996003,  0.00905843860842246197
0.70599999999999996092,  0.00905825786285602806
0.70699999999999996181,  0.00905807855562451580
0.70799999999999996270,  0.00905790067465467134
0.70899999999999996358,  0.00905772420797978581
0.70999999999999996447,  0.00905754914373643923
0.71099999999999996536,  0.00905737547016491340
0.71199999999999996625,  0.00905720317560767055
0.71299999999999996714,  0.00905703224850960657
0.71399999999999996803,  0.00905686267741519571
0.71499999999999996891,  0.00905669445096972739
0.71599999999999996980,  0.00905652755791547422
0.71699999999999997069,  0.00905636198709493072
0.71799999999999997158,  0.00905619772744579478
0.71899999999999997247,  0.00905603476800267287
0.71999999999999997335,  0.00905587309789481626
0.72099999999999997424,  0.00905571270634706812
0.72199999999999997513,  0.00905555358267621895
0.72299999999999997602,  0.00905539571629336223
0.72399999999999997691,  0.00905523909670027070
0.72499999999999997780,  0.00905508371349097660
0.72599999999999997868,  0.00905492955634853471
0.72699999999999997957,  0.00905477661504665646
0.72799999999999998046,  0.00905462487944624396
0.72899999999999998135,  0.00905447433949727043
0.72999999999999998224,  0.00905432498523696914
0.73099999999999998312,  0.00905417680678739963
0.73199999999999998401,  0.00905402979435757788
0.73299999999999998490,  0.00905388393823979704
0.73399999999999998579,  0.00905373922881221212
0.73499999999999998668,  0.00905359565653411809
0.73599999999999998757,  0.00905345321194919034
0.73699999999999998845,  0.00905331188568138205
0.73799999999999998934,  0.00905317166843716201
0.73899999999999999023,  0.00905303255100137726
0.73999999999999999112,  0.00905289452424061156
0.74099999999999999201,  0.00905275757909817722
0.74199999999999999289,  0.00905262170659750648
0.74299999999999999378,  0.00905248689783756666
0.74399999999999999467,  0.00905235314399585253
0.74499999999999999556,  0.00905222043632466535
0.74599999999999999645,  0.00905208876615261337
0.74699999999999999734,  0.00905195812488241401
0.74799999999999999822,  0.00905182850399176633
0.74899999999999999911,  0.00905169989502982095
0.75000000000000000000,  0.00905157228962051065
0.75100000000000000089,  0.00905144567945981825
0.75200000000000000178,  0.00905132005631331671
0.75300000000000000266,  0.00905119541201981903
0.75400000000000000355,  0.00905107173848601100
0.75500000000000000444,  0.00905094902769046708
0.75600000000000000533,  0.00905082727167837511
0.75700000000000000622,  0.00905070646256549843
0.75800000000000000711,  0.00905058659253331343
0.75900000000000000799,  0.00905046765383234024
0.76000000000000000888,  0.00905034963877795334
0.76100000000000000977,  0.00905023253975305655
0.76200000000000001066,  0.00905011634920410528
0.76300000000000001155,  0.00905000105964439729
0.76400000000000001243,  0.00904988666364926753
0.76500000000000001332,  0.00904977315385988718
0.76600000000000001421,  0.00904966052297820345
0.76700000000000001510,  0.00904954876377113242
0.76800000000000001599,  0.00904943786906523689
0.76900000000000001688,  0.00904932783175037281
0.77000000000000001776,  0.00904921864477601853
0.77100000000000001865,  0.00904911030115304257
0.77200000000000001954,  0.00904900279395084821
0.77300000000000002043,  0.00904889611629917760
0.77400000000000002132,  0.00904879026138710046
0.77500000000000002220,  0.00904868522245941623
0.77600000000000002309,  0.00904858099282132393
0.77700000000000002398,  0.00904847756583307752
0.77800000000000002487,  0.00904837493491385259
0.77900000000000002576,  0.00904827309353686306
0.78000000000000002665,  0.00904817203523288795
0.78100000000000002753,  0.00904807175358611840
0.78200000000000002842,  0.00904797224223735652
0.78300000000000002931,  0.00904787349487970113
0.78400000000000003020,  0.00904777550526218548
0.78500000000000003109,  0.00904767826718465458
0.78600000000000003197,  0.00904758177450235013
0.78700000000000003286,  0.00904748602112077221
0.78800000000000003375,  0.00904739100099887297
0.78900000000000003464,  0.00904729670814544314
0.79000000000000003553,  0.00904720313662236986
0.79100000000000003642,  0.00904711028053953661
0.79200000000000003730,  0.00904701813405931442
0.79300000000000003819,  0.00904692669139197519
0.79400000000000003908,  0.00904683594679835112
0.79500000000000003997,  0.00904674589458655601
0.79600000000000004086,  0.00904665652911468797
0.79700000000000004174,  0.00904656784478837656
0.79800000000000004263,  0.00904647983605951639
0.79900000000000004352,  0.00904639249742930640
0.80000000000000004441,  0.00904630582344285832
0.80100000000000004530,  0.00904621980869434010
0.80200000000000004619,  0.00904613444782140577
0.80300000000000004707,  0.00904604973550929801
0.80400000000000004796,  0.00904596566648634484
0.80500000000000004885,  0.00904588223552740649
0.80600000000000004974,  0.00904579943744991330
0.80700000000000005063,  0.00904571726711692926
0.80800000000000005151,  0.00904563571943315520
0.80900000000000005240,  0.00904555478934832360
0.81000000000000005329,  0.00904547447185303534
0.81100000000000005418,  0.00904539476198218916
0.81200000000000005507,  0.00904531565481034652
0.81300000000000005596,  0.00904523714545669121
0.81400000000000005684,  0.00904515922907887272
0.81500000000000005773,  0.00904508190087773001
0.81600000000000005862,  0.00904500515609256775
0.81700000000000005951,  0.00904492899000473687
0.81800000000000006040,  0.00904485339793363596
0.81900000000000006128,  0.00904477837523972282
0.82000000000000006217,  0.00904470391732280568
0.82100000000000006306,  0.00904463001961953138
0.82200000000000006395,  0.00904455667760754346
0.82300000000000006484,  0.00904448388680031620
0.82400000000000006573,  0.00904441164275106638
0.82500000000000006661,  0.00904433994104845811
0.82600000000000006750,  0.00904426877732074537
0.82700000000000006839,  0.00904419814723064416
0.82800000000000006928,  0.00904412804648001452
0.82900000000000007017,  0.00904405847080386530
0.83000000000000007105,  0.00904398941597606490
0.83100000000000007194,  0.00904392087780330790
0.83200000000000007283,  0.00904385285213006943
0.83299999999999996270,  0.00904378533483248676
0.83399999999999996358,  0.00904371832182608061
0.83499999999999996447,  0.00904365180905641018
0.83599999999999996536,  0.00904358579250600682
0.83699999999999996625,  0.00904352026818830944
0.83799999999999996714,  0.00904345523215386964
0.83899999999999996803,  0.00904339068048216552
0.83999999999999996891,  0.00904332660928958837
0.84099999999999996980,  0.00904326301472188274
0.84199999999999997069,  0.00904319989295908171
0.84299999999999997158,  0.00904313724021350851
0.84399999999999997247,  0.00904307505272681882
0.84499999999999997335,  0.00904301332677541654
0.84599999999999997424,  0.00904295205866357567
0.84699999999999997513,  0.00904289124472982229
0.84799999999999997602,  0.00904283088134070524
0.84899999999999997691,  0.00904277096489507562
0.84999999999999997780,  0.00904271149181997205
0.85099999999999997868,  0.00904265245857479791
0.85199999999999997957,  0.00904259386164604599
0.85299999999999998046,  0.00904253569755190945
0.85399999999999998135,  0.00904247796283673931
0.85499999999999998224,  0.00904242065407725136
0.85599999999999998312,  0.00904236376787559935
0.85699999999999998401,  0.00904230730086567208
0.85799999999999998490,  0.00904225124970548313
0.85899999999999998579,  0.00904219561108471868
0.85999999999999998668,  0.00904214038171764246
0.86099999999999998757,  0.00904208555834858964
0.86199999999999998845,  0.00904203113774654059
0.86299999999999998934,  0.00904197711670972314
0.86399999999999999023,  0.00904192349206029908
0.86499999999999999112,  0.00904187026064964296
0.86599999999999999201,  0.00904181741935508078
0.86699999999999999289,  0.00904176496507754987
0.86799999999999999378,  0.00904171289474679958
0.86899999999999999467,  0.00904166120531529546
0.86999999999999999556,  0.00904160989376393519
0.87099999999999999645,  0.00904155895709542537
0.87199999999999999734,  0.00904150839234094464
0.87299999999999999822,  0.00904145819655234953
0.87399999999999999911,  0.00904140836681003278
0.87500000000000000000,  0.00904135890021491410
0.87600000000000000089,  0.00904130979389554217
0.87700000000000000178,  0.00904126104500096485
0.87800000000000000266,  0.00904121265070717724
0.87900000000000000355,  0.00904116460821020700
0.88000000000000000444,  0.00904111691473255888
0.88100000000000000533,  0.00904106956751678237
0.88200000000000000622,  0.00904102256383132463
0.88300000000000000711,  0.00904097590096424389
0.88400000000000000799,  0.00904092957622928094
0.88500000000000000888,  0.00904088358695886302
0.88600000000000000977,  0.00904083793051137924
0.88700000000000001066,  0.00904079260426322862
0.88800000000000001155,  0.00904074760561509108
0.88900000000000001243,  0.00904070293198983542
0.89000000000000001332,  0.00904065858082803847
0.89100000000000001421,  0.00904061454959561271
0.89200000000000001510,  0.00904057083577550560
0.89300000000000001599,  0.00904052743687546422
0.89400000000000001688,  0.00904048435041997743
0.89500000000000001776,  0.00904044157395766934
0.89600000000000001865,  0.00904039910505374106
0.89700000000000001954,  0.00904035694129712297
0.89800000000000002043,  0.00904031508029276738
0.89900000000000002132,  0.00904027351966962996
0.90000000000000002220,  0.00904023225707186774
0.90100000000000002309,  0.00904019129016753187
0.90200000000000002398,  0.00904015061663918096
0.90300000000000002487,  0.00904011023419301445
0.90400000000000002576,  0.00904007014055003590
0.90500000000000002665,  0.00904003033345424090
0.90600000000000002753,  0.00903999081066344037
0.90700000000000002842,  0.00903995156995908607
0.90800000000000002931,  0.00903991260913588647
0.90900000000000003020,  0.00903987392601109455
0.91000000000000003109,  0.00903983551841570400
0.91100000000000003197,  0.00903979738420162757
0.91200000000000003286,  0.00903975952123885380
0.91300000000000003375,  0.00903972192741081884
0.91400000000000003464,  0.00903968460062362124
0.91500000000000003553,  0.00903964753879548354
0.91600000000000003642,  0.00903961073986648059
0.91700000000000003730,  0.00903957420178904195
0.91800000000000003819,  0.00903953792253713029
0.91900000000000003908,  0.00903950190009598399
0.92000000000000003997,  0.00903946613247304763
0.92100000000000004086,  0.00903943061768665290
0.92200000000000004174,  0.00903939535377667504
0.92300000000000004263,  0.00903936033879327618
0.92400000000000004352,  0.00903932557080892179
0.92500000000000004441,  0.00903929104790559754
0.92600000000000004530,  0.00903925676818637461
0.92700000000000004619,  0.00903922272976507256
0.92800000000000004707,  0.00903918893077594425
0.92900000000000004796,  0.00903915536936301250
0.93000000000000004885,  0.00903912204369159214
0.93100000000000004974,  0.00903908895193538363
0.93200000000000005063,  0.00903905609228761869
0.93300000000000005151,  0.00903902346295688136
0.93400000000000005240,  0.00903899106216130184
0.93500000000000005329,  0.00903895888814032315
0.93600000000000005418,  0.00903892693914044865
0.93700000000000005507,  0.00903889521342966275
0.93800000000000005596,  0.00903886370928297031
0.93900000000000005684,  0.00903883242499686247
0.94000000000000005773,  0.00903880135887427834
0.94100000000000005862,  0.00903877050923931544
0.94200000000000005951,  0.00903873987442213589
0.94300000000000006040,  0.00903870945277431698
0.94400000000000006128,  0.00903867924265302353
0.94500000000000006217,  0.00903864924243663430
0.94600000000000006306,  0.00903861945050860906
0.94700000000000006395,  0.00903858986527406906
0.94800000000000006484,  0.00903856048514244462
0.94900000000000006573,  0.00903853130854493682
0.95000000000000006661,  0.00903850233391581721
0.95100000000000006750,  0.00903847355971219672
0.95200000000000006839,  0.00903844498439425673
0.95300000000000006928,  0.00903841660644352611
0.95400000000000007017,  0.00903838842434468749
0.95500000000000007105,  0.00903836043660174310
0.95600000000000007194,  0.00903833264173139160
0.95700000000000007283,  0.00903830503825434929
0.95800000000000007372,  0.00903827762471365662
0.95900000000000007461,  0.00903825039965379037
0.95999999999999996447,  0.00903822336163853657
0.96099999999999996536,  0.00903819650924126382
0.96199999999999996625,  0.00903816984104935037
0.96299999999999996714,  0.00903814335565324319
0.96399999999999996803,  0.00903811705166603606
0.96499999999999996891,  0.00903809092770035266
0.96599999999999996980,  0.00903806498239209319
0.96699999999999997069,  0.00903803921437584291
0.96799999999999997158,  0.00903801362231043681
0.96899999999999997247,  0.00903798820485117796
0.96999999999999997335,  0.00903796296067922028
0.97099999999999997424,  0.00903793788847146243
0.97199999999999997513,  0.00903791298693020113
0.97299999999999997602,  0.00903788825475307193
0.97399999999999997691,  0.00903786369066387173
0.97499999999999997780,  0.00903783929338058088
0.97599999999999997868,  0.00903781506164840973
0.97699999999999997957,  0.00903779099420471549
0.97799999999999998046,  0.00903776708981048407
0.97899999999999998135,  0.00903774334723796320
0.97999999999999998224,  0.00903771976525303070
0.98099999999999998312,  0.00903769634265323002
0.98199999999999998401,  0.00903767307822315145
0.98299999999999998490,  0.00903764997078084636
0.98399999999999998579,  0.00903762701912912657
0.98499999999999998668,  0.00903760422210652878
0.98599999999999998757,  0.00903758157853280612
0.98699999999999998845,  0.00903755908726750629
0.98799999999999998934,  0.00903753674714654655
0.98899999999999999023,  0.00903751455705061046
0.98999999999999999112,  0.00903749251583144120
0.99099999999999999201,  0.00903747062239083909
0.99199999999999999289,  0.00903744887559435744
0.99299999999999999378,  0.00903742727436703495
0.99399999999999999467,  0.00903740581758575093
0.99499999999999999556,  0.00903738450420133073
0.99599999999999999645,  0.00903736333309648927
0.99699999999999999734,  0.00903734230325710201
0.99799999999999999822,  0.00903732141355674881
0.99899999999999999911,  0.00903730066305660773
1.00000000000000000000,  inf
