0.00000000000000000000,  0.00000000000000000000
0.00100000000000000002,  0.01798219194013467304
0.00200000000000000004,  0.02682428292682709561
0.00300000000000000006,  0.03556835404618884783
0.00400000000000000008,  0.04421538061219574406
0.00500000000000000010,  0.05276632823428740321
0.00600000000000000012,  0.06122215291392898995
0.00700000000000000015,  0.06958380114021214813
0.00800000000000000017,  0.07785220998450473329
0.00900000000000000105,  0.08602830719415865968
0.01000000000000000021,  0.09411301128528544446
0.01099999999999999936,  0.10210723163460862228
0.01200000000000000025,  0.11001186857040215483
0.01300000000000000114,  0.11782781346252396704
0.01400000000000000029,  0.12555594881155374143
0.01499999999999999944,  0.13319714833704363044
0.01600000000000000033,  0.14075227706489099044
0.01700000000000000122,  0.14822219141384174179
0.01800000000000000211,  0.15560773928113286191
0.01899999999999999953,  0.16290976012728286548
0.02000000000000000042,  0.17012908506003857068
0.02100000000000000130,  0.17726653691748650576
0.02199999999999999872,  0.18432293035033742168
0.02299999999999999961,  0.19129907190339209833
0.02400000000000000050,  0.19819576009619641055
0.02500000000000000139,  0.20501378550289406366
0.02600000000000000228,  0.21175393083128460359
0.02699999999999999969,  0.21841697100109477847
0.02800000000000000058,  0.22500367322147130089
0.02900000000000000147,  0.23151479706770225486
0.02999999999999999889,  0.23795109455717536329
0.03099999999999999978,  0.24431331022458033231
0.03200000000000000067,  0.25060218119636284984
0.03300000000000000155,  0.25681843726443798204
0.03400000000000000244,  0.26296280095916996222
0.03500000000000000333,  0.26903598762162567182
0.03600000000000000422,  0.27503870547510950173
0.03699999999999999817,  0.28097165569598619994
0.03799999999999999906,  0.28683553248379917155
0.03899999999999999994,  0.29263102313069100369
0.04000000000000000083,  0.29835880809013298753
0.04100000000000000172,  0.30401956104497146471
0.04200000000000000261,  0.30961394897479627142
0.04300000000000000350,  0.31514263222263960706
0.04399999999999999745,  0.32060626456101060100
0.04499999999999999833,  0.32600549325727323779
0.04599999999999999922,  0.33134095913837369185
0.04700000000000000011,  0.33661329665492339958
0.04800000000000000100,  0.34182313394464486356
0.04900000000000000189,  0.34697109289518573982
0.05000000000000000278,  0.35205778920630820261
0.05100000000000000366,  0.35708383245145941531
0.05200000000000000455,  0.36204982613872938035
0.05299999999999999850,  0.36695636777120232974
0.05399999999999999939,  0.37180404890670737394
0.05500000000000000028,  0.37659345521697501491
0.05600000000000000117,  0.38132516654620468577
0.05700000000000000205,  0.38599975696904936795
0.05800000000000000294,  0.39061779484802405804
0.05900000000000000383,  0.39517984289034219225
0.05999999999999999778,  0.39968645820418691184
0.06099999999999999867,  0.40413819235442216549
0.06199999999999999956,  0.40853559141774992147
0.06300000000000000044,  0.41287919603731826346
0.06400000000000000133,  0.41716954147678592113
0.06500000000000000222,  0.42140715767384934187
0.06600000000000000311,  0.42559256929323663332
0.06700000000000000400,  0.42972629577917470511
0.06800000000000000488,  0.43380885140733416172
0.06900000000000000577,  0.43784074533625710890
0.07000000000000000666,  0.44182248165827342490
0.07100000000000000755,  0.44575455944991060342
0.07200000000000000844,  0.44963747282180166476
0.07299999999999999545,  0.45347171096809679725
0.07399999999999999634,  0.45725775821538289234
0.07499999999999999722,  0.46099609407111691306
0.07599999999999999811,  0.46468719327157675947
0.07699999999999999900,  0.46833152582933557095
0.07799999999999999989,  0.47192955708026335104
0.07900000000000000078,  0.47548174773006057769
0.08000000000000000167,  0.47898855390032962775
0.08100000000000000255,  0.48245042717418690215
0.08200000000000000344,  0.48586781464142186904
0.08300000000000000433,  0.48924115894320635567
0.08400000000000000522,  0.49257089831635864074
0.08500000000000000611,  0.49585746663716800953
0.08600000000000000699,  0.49910129346478243617
0.08700000000000000788,  0.50230280408416516646
0.08799999999999999489,  0.50546241954862314305
0.08899999999999999578,  0.50858055672191304630
0.08999999999999999667,  0.51165762831992778192
0.09099999999999999756,  0.51469404295196841126
0.09199999999999999845,  0.51769020516160557666
0.09299999999999999933,  0.52064651546713436314
0.09400000000000000022,  0.52356337040162603813
0.09500000000000000111,  0.52644116255258177617
0.09600000000000000200,  0.52928028060119214349
0.09700000000000000289,  0.53208110936120500689
0.09800000000000000377,  0.53484402981740752914
0.09900000000000000466,  0.53756941916372491530
0.10000000000000000555,  0.54025765084094001800
0.10100000000000000644,  0.54290909457403802030
0.10200000000000000733,  0.54552411640917886082
0.10300000000000000822,  0.54810307875030239710
0.10400000000000000910,  0.55064634039536908272
0.10499999999999999611,  0.55315425657223982192
0.10599999999999999700,  0.55562717897419933166
0.10699999999999999789,  0.55806545579512600863
0.10799999999999999878,  0.56046943176431074374
0.10899999999999999967,  0.56283944818093101237
0.11000000000000000056,  0.56517584294818057344
0.11100000000000000144,  0.56747895060706032844
0.11200000000000000233,  0.56974910236983267176
0.11300000000000000322,  0.57198662615314266322
0.11400000000000000411,  0.57419184661081046350
0.11500000000000000500,  0.57636508516629669785
0.11600000000000000588,  0.57850666004484507798
0.11700000000000000677,  0.58061688630530516875
0.11800000000000000766,  0.58269607587163863016
0.11900000000000000855,  0.58474453756411204353
0.11999999999999999556,  0.58676257713017876405
0.12099999999999999645,  0.58875049727505435193
0.12199999999999999734,  0.59070859769198691414
0.12299999999999999822,  0.59263717509222701985
0.12399999999999999911,  0.59453652323469896590
0.12500000000000000000,  0.59640693295537705598
0.12600000000000000089,  0.59824869219636900297
0.12700000000000000178,  0.60006208603471100638
0.12800000000000000266,  0.60184739671087528201
0.12900000000000000355,  0.60360490365699415172
0.13000000000000000444,  0.60533488352480413486
0.13100000000000000533,  0.60703761021331070769
0.13200000000000000622,  0.60871335489617872661
0.13300000000000000711,  0.61036238604885018066
0.13400000000000000799,  0.61198496947539160473
0.13500000000000000888,  0.61358136833507503916
0.13600000000000000977,  0.61515184316869375714
0.13700000000000001066,  0.61669665192461720071
0.13800000000000001155,  0.61821604998458534741
0.13900000000000001243,  0.61971029018924739251
0.14000000000000001332,  0.62117962286344630130
0.14100000000000001421,  0.62262429584125111859
0.14200000000000001510,  0.62404455449074047735
0.14300000000000001599,  0.62544064173853997080
0.14400000000000001688,  0.62681279809411527548
0.14499999999999999001,  0.62816126167382235757
0.14599999999999999090,  0.62948626822472009135
0.14699999999999999178,  0.63078805114814473498
0.14799999999999999267,  0.63206684152305070423
0.14899999999999999356,  0.63332286812911819940
0.14999999999999999445,  0.63455635746963179322
0.15099999999999999534,  0.63576753379413075695
0.15199999999999999623,  0.63695661912083356704
0.15299999999999999711,  0.63812383325884125540
0.15399999999999999800,  0.63926939383011716078
0.15499999999999999889,  0.64039351629125029763
0.15599999999999999978,  0.64149641395500078822
0.15700000000000000067,  0.64257829801163124372
0.15800000000000000155,  0.64363937755002598173
0.15900000000000000244,  0.64467985957860018953
0.16000000000000000333,  0.64569994904600114261
0.16100000000000000422,  0.64669984886160258863
0.16200000000000000511,  0.64767975991579651573
0.16300000000000000600,  0.64863988110008208299
0.16400000000000000688,  0.64958040932695493286
0.16500000000000000777,  0.65050153954959866187
0.16600000000000000866,  0.65140346478138033692
0.16700000000000000955,  0.65228637611515183359
0.16800000000000001044,  0.65315046274235943891
0.16900000000000001132,  0.65399591197196316195
0.17000000000000001221,  0.65482290924916752850
0.17100000000000001310,  0.65563163817396652444
0.17200000000000001399,  0.65642228051950390899
0.17300000000000001488,  0.65719501625025011915
0.17400000000000001577,  0.65795002353999931799
0.17500000000000001665,  0.65868747878968691989
0.17599999999999998979,  0.65940755664502948008
0.17699999999999999067,  0.66011043001398972407
0.17799999999999999156,  0.66079627008406738309
0.17899999999999999245,  0.66146524633941816695
0.17999999999999999334,  0.66211752657780220677
0.18099999999999999423,  0.66275327692736396568
0.18199999999999999512,  0.66337266186324561623
0.18299999999999999600,  0.66397584422403377324
0.18399999999999999689,  0.66456298522804457818
0.18499999999999999778,  0.66513424448944469258
0.18599999999999999867,  0.66568978003421352962
0.18699999999999999956,  0.66622974831594550249
0.18800000000000000044,  0.66675430423149606440
0.18900000000000000133,  0.66726360113647076311
0.19000000000000000222,  0.66775779086056197276
0.19100000000000000311,  0.66823702372273086070
0.19200000000000000400,  0.66870144854624014030
0.19300000000000000488,  0.66915121267353616652
0.19400000000000000577,  0.66958646198098392688
0.19500000000000000666,  0.67000734089345392874
0.19600000000000000755,  0.67041399239876520166
0.19700000000000000844,  0.67080655806198430380
0.19800000000000000933,  0.67118517803958188672
0.19900000000000001021,  0.67154999109344848396
0.20000000000000001110,  0.67190113460477041141
0.20100000000000001199,  0.67223874458776866625
0.20200000000000001288,  0.67256295570330015821
0.20300000000000001377,  0.67287390127232371562
0.20400000000000001465,  0.67317171328923242068
0.20500000000000001554,  0.67345652243505327306
0.20600000000000001643,  0.67372845809051529198
0.20700000000000001732,  0.67398764834898783338
0.20800000000000001821,  0.67423422002928989905
0.20899999999999999134,  0.67446829868837221422
0.20999999999999999223,  0.67469000863387251776
0.21099999999999999312,  0.67489947293654761751
0.21199999999999999400,  0.67509681344257932434
0.21299999999999999489,  0.67528215078575981600
0.21399999999999999578,  0.67545560439955509846
0.21499999999999999667,  0.67561729252904823007
0.21599999999999999756,  0.67576733224276408496
0.21699999999999999845,  0.67590583944437598873
0.21799999999999999933,  0.67603292888429677987
0.21900000000000000022,  0.67614871417115351981
0.22000000000000000111,  0.67625330778314862723
0.22100000000000000200,  0.67634682107930743644
0.22200000000000000289,  0.67642936431061473357
0.22300000000000000377,  0.67650104663103960423
0.22400000000000000466,  0.67656197610845092427
0.22500000000000000555,  0.67661225973542415968
0.22600000000000000644,  0.67665200343994114096
0.22700000000000000733,  0.67668131209598270104
0.22800000000000000822,  0.67670028953401595295
0.22900000000000000910,  0.67670903855137753968
0.23000000000000000999,  0.67670766092255385526
0.23100000000000001088,  0.67669625740935779312
0.23200000000000001177,  0.67667492777100579637
0.23300000000000001266,  0.67664377077409332273
0.23400000000000001354,  0.67660288420247183261
0.23500000000000001443,  0.67655236486702730048
0.23600000000000001532,  0.67649230861536135961
0.23700000000000001621,  0.67642281034137574647
0.23800000000000001710,  0.67634396399476226502
0.23900000000000001799,  0.67625586259039782711
0.23999999999999999112,  0.67615859821764556781
0.24099999999999999201,  0.67605226204956436753
0.24199999999999999289,  0.67593694435202600346
0.24299999999999999378,  0.67581273449274170684
0.24399999999999999467,  0.67567972095019923628
0.24499999999999999556,  0.67553799132251068915
0.24599999999999999645,  0.67538763233617205017
0.24699999999999999734,  0.67522872985473680885
0.24799999999999999822,  0.67506136888740153612
0.24899999999999999911,  0.67488563359750686210
0.25000000000000000000,  0.67470160731095463191
0.25100000000000000089,  0.67450937252454012949
0.25200000000000000178,  0.67430901091420147875
0.25300000000000000266,  0.67410060334318777642
0.25400000000000000355,  0.67388422987014551246
0.25500000000000000444,  0.67365996975712416628
0.25600000000000000533,  0.67342790147750275498
0.25700000000000000622,  0.67318810272383700077
0.25800000000000000711,  0.67294065041562889373
0.25900000000000000799,  0.67268562070701842792
0.26000000000000000888,  0.67242308899439950931
0.26100000000000000977,  0.67215312992395914726
0.26200000000000001066,  0.67187581739914248313
0.26300000000000001155,  0.67159122458804310085
0.26400000000000001243,  0.67129942393071984075
0.26500000000000001332,  0.67100048714644100478
0.26600000000000001421,  0.67069448524085617525
0.26700000000000001510,  0.67038148851309675713
0.26800000000000001599,  0.67006156656280646544
0.26900000000000001688,  0.66973478829710075821
0.27000000000000001776,  0.66940122193745787982
0.27100000000000001865,  0.66906093502654095939
0.27200000000000001954,  0.66871399443495260773
0.27300000000000002043,  0.66836046636792156850
0.27400000000000002132,  0.66800041637192375532
0.27500000000000002220,  0.66763390934123656439
0.27600000000000002309,  0.66726100952442879422
0.27700000000000002398,  0.66688178053078506213
0.27800000000000002487,  0.66649628533666716024
0.27900000000000002576,  0.66610458629181146240
0.28000000000000002665,  0.66570674512556438085
0.28100000000000002753,  0.66530282295305487317
0.28200000000000002842,  0.66489288028130599795
0.28300000000000002931,  0.66447697701528629644
0.28400000000000003020,  0.66405517246389977881
0.28500000000000003109,  0.66362752534591673559
0.28600000000000003197,  0.66319409379584626230
0.28700000000000003286,  0.66275493536974927622
0.28800000000000003375,  0.66231010705099413460
0.28899999999999997913,  0.66185966525595563148
0.28999999999999998002,  0.66140366583965581881
0.29099999999999998090,  0.66094216410135053774
0.29199999999999998179,  0.66047521479005832923
0.29299999999999998268,  0.66000287211003583199
0.29399999999999998357,  0.65952518972619877946
0.29499999999999998446,  0.65904222076948792974
0.29599999999999998535,  0.65855401784218214889
0.29699999999999998623,  0.65806063302315920271
0.29799999999999998712,  0.65756211787310303585
0.29899999999999998801,  0.65705852343966042461
0.29999999999999998890,  0.65654990026254544944
0.30099999999999998979,  0.65603629837859367413
0.30199999999999999067,  0.65551776732676581005
0.30299999999999999156,  0.65499435615310186432
0.30399999999999999245,  0.65446611341562510589
0.30499999999999999334,  0.65393308718919895828
0.30599999999999999423,  0.65339532507033371012
0.30699999999999999512,  0.65285287418194648534
0.30799999999999999600,  0.65230578117807358485
0.30899999999999999689,  0.65175409224853575463
0.30999999999999999778,  0.65119785312355749074
0.31099999999999999867,  0.65063710907833993691
0.31199999999999999956,  0.65007190493758826300
0.31300000000000000044,  0.64950228507999474559
0.31400000000000000133,  0.64892829344267599634
0.31500000000000000222,  0.64834997352556711370
0.31600000000000000311,  0.64776736839577153670
0.31700000000000000400,  0.64718052069186782216
0.31800000000000000488,  0.64658947262817378920
0.31900000000000000577,  0.64599426599896758727
0.32000000000000000666,  0.64539494218266746373
0.32100000000000000755,  0.64479154214596945405
0.32200000000000000844,  0.64418410644794432685
0.32300000000000000933,  0.64357267524409322856
0.32400000000000001021,  0.64295728829036324914
0.32500000000000001110,  0.64233798494712324167
0.32600000000000001199,  0.64171480418310000715
0.32700000000000001288,  0.64108778457927506622
0.32800000000000001377,  0.64045696433274257320
0.32900000000000001465,  0.63982238126052948246
0.33000000000000001554,  0.63918407280337663501
0.33100000000000001643,  0.63854207602948376277
0.33200000000000001732,  0.63789642763821541305
0.33300000000000001821,  0.63724716396377178995
0.33400000000000001910,  0.63659432097882140411
0.33500000000000001998,  0.63593793429809886142
0.33600000000000002087,  0.63527803918196612543
0.33700000000000002176,  0.63461467053993891874
0.33800000000000002265,  0.63394786293417726419
0.33900000000000002354,  0.63327765058294216427
0.34000000000000002442,  0.63260406736401697536
0.34100000000000002531,  0.63192714681809580846
0.34200000000000002620,  0.63124692215213717983
0.34300000000000002709,  0.63056342624268457708
0.34400000000000002798,  0.62987669163915471771
0.34500000000000002887,  0.62918675056709216786
0.34600000000000002975,  0.62849363493139187575
0.34700000000000003064,  0.62779737631948973053
0.34800000000000003153,  0.62709800600452136887
0.34900000000000003242,  0.62639555494844978423
0.35000000000000003331,  0.62569005380516107273
0.35100000000000003419,  0.62498153292353009203
0.35199999999999997957,  0.62427002235045536693
0.35299999999999998046,  0.62355555183386390805
0.35399999999999998135,  0.62283815082568561028
0.35499999999999998224,  0.62211784848479911858
0.35599999999999998312,  0.62139467367994705160
0.35699999999999998401,  0.62066865499262369177
0.35799999999999998490,  0.61993982071993236627
0.35899999999999998579,  0.61920819887741540555
0.35999999999999998668,  0.61847381720185612419
0.36099999999999998757,  0.61773670315405215803
0.36199999999999998845,  0.61699688392156148975
0.36299999999999998934,  0.61625438642142160717
0.36399999999999999023,  0.61550923730284079483
0.36499999999999999112,  0.61476146294986355745
0.36599999999999999201,  0.61401108948400839882
0.36699999999999999289,  0.61325814276688073168
0.36799999999999999378,  0.61250264840275836509
0.36899999999999999467,  0.61174463174115245589
0.36999999999999999556,  0.61098411787934225892
0.37099999999999999645,  0.61022113166488500813
0.37199999999999999734,  0.60945569769810070682
0.37299999999999999822,  0.60868784033453182669
0.37399999999999999911,  0.60791758368737924823
0.37500000000000000000,  0.60714495162991355404
0.37600000000000000089,  0.60636996779786211942
0.37700000000000000178,  0.60559265559177322125
0.37800000000000000266,  0.60481303817935561096
0.37900000000000000355,  0.60403113849779543898
0.38000000000000000444,  0.60324697925605019755
0.38100000000000000533,  0.60246058293711934883
0.38200000000000000622,  0.60167197180029285963
0.38300000000000000711,  0.60088116788337686547
0.38400000000000000799,  0.60008819300489790738
0.38500000000000000888,  0.59929306876628440914
0.38600000000000000977,  0.59849581655402706026
0.38700000000000001066,  0.59769645754181732755
0.38800000000000001155,  0.59689501269266520556
0.38900000000000001243,  0.59609150276099476251
0.39000000000000001332,  0.59528594829472059047
0.39100000000000001421,  0.59447836963730182891
0.39200000000000001510,  0.59366878692977675946
0.39300000000000001599,  0.59285722011277730559
0.39400000000000001688,  0.59204368892852266004
0.39500000000000001776,  0.59122821292279337246
0.39600000000000001865,  0.59041081144688667415
0.39700000000000001954,  0.58959150365955081963
0.39800000000000002043,  0.58877030852890133161
0.39900000000000002132,  0.58794724483431803908
0.40000000000000002220,  0.58712233116832279745
0.40100000000000002309,  0.58629558593843877912
0.40200000000000002398,  0.58546702736903100117
0.40300000000000002487,  0.58463667350312942261
0.40400000000000002576,  0.58380454220423239065
0.40500000000000002665,  0.58297065115809376667
0.40600000000000002753,  0.58213501787449117852
0.40700000000000002842,  0.58129765968897717521
0.40800000000000002931,  0.58045859376461228507
0.40900000000000003020,  0.57961783709368208672
0.41000000000000003109,  0.57877540649939607231
0.41100000000000003197,  0.57793131863756996847
0.41200000000000003286,  0.57708558999829118186
0.41300000000000003375,  0.57623823690756836857
0.41400000000000003464,  0.57538927552896323991
0.41500000000000003553,  0.57453872186520771326
0.41600000000000003642,  0.57368659175980374343
0.41699999999999998179,  0.57283290089860783301
0.41799999999999998268,  0.57197766481139955541
0.41899999999999998357,  0.57112089887343453487
0.41999999999999998446,  0.57026261830698221633
0.42099999999999998535,  0.56940283818284787021
0.42199999999999998623,  0.56854157342187983115
0.42299999999999998712,  0.56767883879646130474
0.42399999999999998801,  0.56681464893198796329
0.42499999999999998890,  0.56594901830833010958
0.42599999999999998979,  0.56508196126128140691
0.42699999999999999067,  0.56421349198399162184
0.42799999999999999156,  0.56334362452838648849
0.42899999999999999245,  0.56247237280657280678
0.42999999999999999334,  0.56159975059222944083
0.43099999999999999423,  0.56072577152198488371
0.43199999999999999512,  0.55985044909678083336
0.43299999999999999600,  0.55897379668322244584
0.43399999999999999689,  0.55809582751491504382
0.43499999999999999778,  0.55721655469378728043
0.43599999999999999867,  0.55633599119140153544
0.43699999999999999956,  0.55545414985025076682
0.43800000000000000044,  0.55457104338504314978
0.43900000000000000133,  0.55368668438397350418
0.44000000000000000222,  0.55280108530998184335
0.44100000000000000311,  0.55191425850199982150
0.44200000000000000400,  0.55102621617618485761
0.44300000000000000488,  0.55013697042714149177
0.44400000000000000577,  0.54924653322913086217
0.44500000000000000666,  0.54835491643726819166
0.44600000000000000755,  0.54746213178870861693
0.44700000000000000844,  0.54656819090382013915
0.44800000000000000933,  0.54567310528734658259
0.44900000000000001021,  0.54477688632955767467
0.45000000000000001110,  0.54387954530738769066
0.45100000000000001199,  0.54298109338556377335
0.45200000000000001288,  0.54208154161772215129
0.45300000000000001377,  0.54118090094751369890
0.45400000000000001465,  0.54027918220969783913
0.45500000000000001554,  0.53937639613122678739
0.45600000000000001643,  0.53847255333231736074
0.45700000000000001732,  0.53756766432751357243
0.45800000000000001821,  0.53666173952673801306
0.45900000000000001910,  0.53575478923633279571
0.46000000000000001998,  0.53484682366009017596
0.46100000000000002087,  0.53393785290027317991
0.46200000000000002176,  0.53302788695862535207
0.46300000000000002265,  0.53211693573737139928
0.46400000000000002354,  0.53120500904020728772
0.46500000000000002442,  0.53029211657328034768
0.46600000000000002531,  0.52937826794616049675
0.46700000000000002620,  0.52846347267280036064
0.46800000000000002709,  0.52754774017248751150
0.46900000000000002798,  0.52663107977078604804
0.47000000000000002887,  0.52571350070046896086
0.47100000000000002975,  0.52479501210244172693
0.47200000000000003064,  0.52387562302665624525
0.47300000000000003153,  0.52295534243301600164
0.47400000000000003242,  0.52203417919227179667
0.47500000000000003331,  0.52111214208690903593
0.47600000000000003419,  0.52018923981202613849
0.47700000000000003508,  0.51926548097620328637
0.47800000000000003597,  0.51834087410236451277
0.47900000000000003686,  0.51741542762862902105
0.47999999999999998224,  0.51648914990915517631
0.48099999999999998312,  0.51556204921497661431
0.48199999999999998401,  0.51463413373482824742
0.48299999999999998490,  0.51370541157596594228
0.48399999999999998579,  0.51277589076497709364
0.48499999999999998668,  0.51184557924858309352
0.48599999999999998757,  0.51091448489443425096
0.48699999999999998845,  0.50998261549189627395
0.48799999999999998934,  0.50904997875282953501
0.48899999999999999023,  0.50811658231236001004
0.48999999999999999112,  0.50718243372964300075
0.49099999999999999201,  0.50624754048861897449
0.49199999999999999289,  0.50531190999876185455
0.49299999999999999378,  0.50437554959582009406
0.49399999999999999467,  0.50343846654255020034
0.49499999999999999556,  0.50250066802944315381
0.49599999999999999645,  0.50156216117544327737
0.49699999999999999734,  0.50062295302866011149
0.49799999999999999822,  0.49968305056707351675
0.49899999999999999911,  0.49874246069923122704
0.50000000000000000000,  0.49780119026493979684
0.50100000000000000089,  0.49685924603594849858
0.50200000000000000178,  0.49591663471662655871
0.50300000000000000266,  0.49497336294463373241
0.50400000000000000355,  0.49402943729158393937
0.50500000000000000444,  0.49308486426370229383
0.50600000000000000533,  0.49213965030247602828
0.50700000000000000622,  0.49119380178529847836
0.50800000000000000711,  0.49024732502610685048
0.50900000000000000799,  0.48930022627601360563
0.51000000000000000888,  0.48835251172393162600
0.51100000000000000977,  0.48740418749719310876
0.51200000000000001066,  0.48645525966216224267
0.51300000000000001155,  0.48550573422484194497
0.51400000000000001243,  0.48455561713147421443
0.51500000000000001332,  0.48360491426913521096
0.51600000000000001421,  0.48265363146632350722
0.51700000000000001510,  0.48170177449354317778
0.51800000000000001599,  0.48074934906388089306
0.51900000000000001688,  0.47979636083357712906
0.52000000000000001776,  0.47884281540259188148
0.52100000000000001865,  0.47788871831516460675
0.52200000000000001954,  0.47693407506036850085
0.52300000000000002043,  0.47597889107265972664
0.52400000000000002132,  0.47502317173242075699
0.52500000000000002220,  0.47406692236649816685
0.52600000000000002309,  0.47311014824873570683
0.52700000000000002398,  0.47215285460050138155
0.52800000000000002487,  0.47119504659120969858
0.52900000000000002576,  0.47023672933883875480
0.53000000000000002665,  0.46927790791044182717
0.53100000000000002753,  0.46831858732265430056
0.53200000000000002842,  0.46735877254219493349
0.53300000000000002931,  0.46639846848636307142
0.53400000000000003020,  0.46543768002353003155
0.53500000000000003109,  0.46447641197362604659
0.53600000000000003197,  0.46351466910862210158
0.53700000000000003286,  0.46255245615300744078
0.53800000000000003375,  0.46158977778426174554
0.53900000000000003464,  0.46062663863332309333
0.54000000000000003553,  0.45966304328505086518
0.54100000000000003642,  0.45869899627868437886
0.54200000000000003730,  0.45773450210829680351
0.54300000000000003819,  0.45676956522324446697
0.54400000000000003908,  0.45580419002861183309
0.54500000000000003997,  0.45483838088565220481
0.54600000000000004086,  0.45387214211222348670
0.54700000000000004174,  0.45290547798322028372
0.54800000000000004263,  0.45193839273100133713
0.54900000000000004352,  0.45097089054581251943
0.55000000000000004441,  0.45000297557620627664
0.55100000000000004530,  0.44903465192945618556
0.55200000000000004619,  0.44806592367196779181
0.55300000000000004707,  0.44709679482968511799
0.55400000000000004796,  0.44612726938849356362
0.55500000000000004885,  0.44515735129461819763
0.55600000000000004974,  0.44418704445501844269
0.55700000000000005063,  0.44321635273777892916
0.55800000000000005151,  0.44224527997249618583
0.55900000000000005240,  0.44127382995066166682
0.56000000000000005329,  0.44030200642604055972
0.56100000000000005418,  0.43932981311504781807
0.56200000000000005507,  0.43835725369711936450
0.56300000000000005596,  0.43738433181508007408
0.56400000000000005684,  0.43641105107550803854
0.56500000000000005773,  0.43543741504909538875
0.56600000000000005862,  0.43446342727100528691
0.56700000000000005951,  0.43348909124122531056
0.56800000000000006040,  0.43251441042491772793
0.56900000000000006128,  0.43153938825276583202
0.57000000000000006217,  0.43056402812131688851
0.57100000000000006306,  0.42958833339332219703
0.57200000000000006395,  0.42861230739807298917
0.57300000000000006484,  0.42763595343173360641
0.57400000000000006573,  0.42665927475767084776
0.57500000000000006661,  0.42568227460678059737
0.57600000000000006750,  0.42470495617781073294
0.57699999999999995737,  0.42372732263768103644
0.57799999999999995826,  0.42274937712179988525
0.57899999999999995914,  0.42177112273437789014
0.57999999999999996003,  0.42079256254873831367
0.58099999999999996092,  0.41981369960762426885
0.58199999999999996181,  0.41883453692350297581
0.58299999999999996270,  0.41785507747886724284
0.58399999999999996358,  0.41687532422653350572
0.58499999999999996447,  0.41589528008993720265
0.58599999999999996536,  0.41491494796342504037
0.58699999999999996625,  0.41393433071254459588
0.58799999999999996714,  0.41295343117433075397
0.58899999999999996803,  0.41197225215758936923
0.58999999999999996891,  0.41099079644317826343
0.59099999999999996980,  0.41000906678428522545
0.59199999999999997069,  0.40902706590670351305
0.59299999999999997158,  0.40804479650910407962
0.59399999999999997247,  0.40706226126330569137
0.59499999999999997335,  0.40607946281454221360
0.59599999999999997424,  0.40509640378172689923
0.59699999999999997513,  0.40411308675771440146
0.59799999999999997602,  0.40312951430956001087
0.59899999999999997691,  0.40214568897877639442
0.59999999999999997780,  0.40116161328158772559
0.60099999999999997868,  0.40017728970918131637
0.60199999999999997957,  0.39919272072795697337
0.60299999999999998046,  0.39820790877977313427
0.60399999999999998135,  0.39722285628219139442
0.60499999999999998224,  0.39623756562871825793
0.60599999999999998312,  0.39525203918904444622
0.60699999999999998401,  0.39426627930928181964
0.60799999999999998490,  0.39328028831219807859
0.60899999999999998579,  0.39229406849744902219
0.60999999999999998668,  0.39130762214180853098
0.61099999999999998757,  0.39032095149939610712
0.61199999999999998845,  0.38933405880190241621
0.61299999999999998934,  0.38834694625881244212
0.61399999999999999023,  0.38735961605762642135
0.61499999999999999112,  0.38637207036407861249
0.61599999999999999201,  0.38538431132235373422
0.61699999999999999289,  0.38439634105530168240
0.61799999999999999378,  0.38340816166464963821
0.61899999999999999467,  0.38241977523121223337
0.61999999999999999556,  0.38143118381509949488
0.62099999999999999645,  0.38044238945592306900
0.62199999999999999734,  0.37945339417300022467
0.62299999999999999822,  0.37846419996555563658
0.62399999999999999911,  0.37747480881292133637
0.62500000000000000000,  0.37648522267473477632
0.62600000000000000089,  0.37549544349113456176
0.62700000000000000178,  0.37450547318295462906
0.62800000000000000266,  0.37351531365191636969
0.62900000000000000355,  0.37252496678081875592
0.63000000000000000444,  0.37153443443372635713
0.63100000000000000533,  0.37054371845615624581
0.63200000000000000622,  0.36955282067526218359
0.63300000000000000711,  0.36856174290001753047
0.63400000000000000799,  0.36757048692139604462
0.63500000000000000888,  0.36657905451255085039
0.63600000000000000977,  0.36558744742899201841
0.63700000000000001066,  0.36459566740876198088
0.63800000000000001155,  0.36360371617260939248
0.63900000000000001243,  0.36261159542416104840
0.64000000000000001332,  0.36161930685009263664
0.64100000000000001421,  0.36062685212029693682
0.64200000000000001510,  0.35963423288805101974
0.64300000000000001599,  0.35864145079018167062
0.64400000000000001688,  0.35764850744722881393
0.64500000000000001776,  0.35665540446360793903
0.64600000000000001865,  0.35566214342777019430
0.64700000000000001954,  0.35466872591236142664
0.64800000000000002043,  0.35367515347437938900
0.64900000000000002132,  0.35268142765532939364
0.65000000000000002220,  0.35168754998137863321
0.65100000000000002309,  0.35069352196350861428
0.65200000000000002398,  0.34969934509766631425
0.65300000000000002487,  0.34870502086491378391
0.65400000000000002576,  0.34771055073157630666
0.65500000000000002665,  0.34671593614938894801
0.65600000000000002753,  0.34572117855564171718
0.65700000000000002842,  0.34472627937332350756
0.65800000000000002931,  0.34373124001126403870
0.65900000000000003020,  0.34273606186427513220
0.66000000000000003109,  0.34174074631328982266
0.66100000000000003197,  0.34074529472550080245
0.66200000000000003286,  0.33974970845449681267
0.66300000000000003375,  0.33875398884039831238
0.66400000000000003464,  0.33775813720999114942
0.66500000000000003553,  0.33676215487685962069
0.66600000000000003642,  0.33576604314151753394
0.66700000000000003730,  0.33476980329153832594
0.66800000000000003819,  0.33377343660168401485
0.66900000000000003908,  0.33277694433403243179
0.67000000000000003997,  0.33178032773810350875
0.67100000000000004086,  0.33078358805098434514
0.67200000000000004174,  0.32978672649745277567
0.67300000000000004263,  0.32878974429009971692
0.67400000000000004352,  0.32779264262945090325
0.67500000000000004441,  0.32679542270408645788
0.67600000000000004530,  0.32579808569075990876
0.67700000000000004619,  0.32480063275451592775
0.67800000000000004707,  0.32380306504880695950
0.67900000000000004796,  0.32280538371560812960
0.68000000000000004885,  0.32180758988553193056
0.68100000000000004974,  0.32080968467794090948
0.68200000000000005063,  0.31981166920105991158
0.68300000000000005151,  0.31881354455208671395
0.68400000000000005240,  0.31781531181730182656
0.68500000000000005329,  0.31681697207217696111
0.68600000000000005418,  0.31581852638148277812
0.68700000000000005507,  0.31481997579939535736
0.68800000000000005596,  0.31382132136960144697
0.68900000000000005684,  0.31282256412540310198
0.69000000000000005773,  0.31182370508982060198
0.69100000000000005862,  0.31082474527569520228
0.69200000000000005951,  0.30982568568579016421
0.69300000000000006040,  0.30882652731289111925
0.69400000000000006128,  0.30782727113990521195
0.69500000000000006217,  0.30682791813995957675
0.69600000000000006306,  0.30582846927649859348
0.69700000000000006395,  0.30482892550338008819
0.69800000000000006484,  0.30382928776497103440
0.69900000000000006573,  0.30282955699624158896
0.70000000000000006661,  0.30182973412285901693
0.70100000000000006750,  0.30082982006127989560
0.70200000000000006839,  0.29982981571884192995
0.70300000000000006928,  0.29882972199385465784
0.70399999999999995914,  0.29782953977568937809
0.70499999999999996003,  0.29682926994486780181
0.70599999999999996092,  0.29582891337315053715
0.70699999999999996181,  0.29482847092362385322
0.70799999999999996270,  0.29382794345078633302
0.70899999999999996358,  0.29282733180063402756
0.70999999999999996447,  0.29182663681074511031
0.71099999999999996536,  0.29082585931036386562
0.71199999999999996625,  0.28982500012048334481
0.71299999999999996714,  0.28882406005392768922
0.71399999999999996803,  0.28782303991543328747
0.71499999999999996891,  0.28682194050172921118
0.71599999999999996980,  0.28582076260161703996
0.71699999999999997069,  0.28481950699604957622
0.71799999999999997158,  0.28381817445820900492
0.71899999999999997247,  0.28281676575358422054
0.71999999999999997335,  0.28181528164004737702
0.72099999999999997424,  0.28081372286792971593
0.72199999999999997513,  0.27981209018009650658
0.72299999999999997602,  0.27881038431202143091
0.72399999999999997691,  0.27780860599185996929
0.72499999999999997780,  0.27680675594052250865
0.72599999999999997868,  0.27580483487174617396
0.72699999999999997957,  0.27480284349216627104
0.72799999999999998046,  0.27380078250138700779
0.72899999999999998135,  0.27279865259205138273
0.72999999999999998224,  0.27179645444991051839
0.73099999999999998312,  0.27079418875389216215
0.73199999999999998401,  0.26979185617616857629
0.73299999999999998490,  0.26878945738222387307
0.73399999999999998579,  0.26778699303092046158
0.73499999999999998668,  0.26678446377456493943
0.73599999999999998757,  0.26578187025897337392
0.73699999999999998845,  0.26477921312353580596
0.73799999999999998934,  0.26377649300128036547
0.73899999999999999023,  0.26277371051893638754
0.73999999999999999112,  0.26177086629699702902
0.74099999999999999201,  0.26076796094978155205
0.74199999999999999289,  0.25976499508549666384
0.74299999999999999378,  0.25876196930629713489
0.74399999999999999467,  0.25775888420834641712
0.74499999999999999556,  0.25675574038187587433
0.74599999999999999645,  0.25575253841124417908
0.74699999999999999734,  0.25474927887499526635
0.74799999999999999822,  0.25374596234591667576
0.74899999999999999911,  0.25274258939109650601
0.75000000000000000000,  0.25173916057198025831
0.75100000000000000089,  0.25073567644442701363
0.75200000000000000178,  0.24973213755876488840
0.75300000000000000266,  0.24872854445984618477
0.75400000000000000355,  0.24772489768710179159
0.75500000000000000444,  0.24672119777459522449
0.75600000000000000533,  0.24571744525107594437
0.75700000000000000622,  0.24471364064003223171
0.75800000000000000711,  0.24370978445974367244
0.75900000000000000799,  0.24270587722333286651
0.76000000000000000888,  0.24170191943881666474
0.76100000000000000977,  0.24069791160915712802
0.76200000000000001066,  0.23969385423231170940
0.76300000000000001155,  0.23868974780128321411
0.76400000000000001243,  0.23768559280416889923
0.76500000000000001332,  0.23668138972420935118
0.76600000000000001421,  0.23567713903983689150
0.76700000000000001510,  0.23467284122472334418
0.76800000000000001599,  0.23366849674782738666
0.76900000000000001688,  0.23266410607344154005
0.77000000000000001776,  0.23165966966123852089
0.77100000000000001865,  0.23065518796631720444
0.77200000000000001954,  0.22965066143924817155
0.77300000000000002043,  0.22864609052611875595
0.77400000000000002132,  0.22764147566857764748
0.77500000000000002220,  0.22663681730387902347
0.77600000000000002309,  0.22563211586492634697
0.77700000000000002398,  0.22462737178031558227
0.77800000000000002487,  0.22362258547437813272
0.77900000000000002576,  0.22261775736722322350
0.78000000000000002665,  0.22161288787477992357
0.78100000000000002753,  0.22060797740883869578
0.78200000000000002842,  0.21960302637709269713
0.78300000000000002931,  0.21859803518317841298
0.78400000000000003020,  0.21759300422671609687
0.78500000000000003109,  0.21658793390334968310
0.78600000000000003197,  0.21558282460478642162
0.78700000000000003286,  0.21457767671883606897
0.78800000000000003375,  0.21357249062944946849
0.78900000000000003464,  0.21256726671675721385
0.79000000000000003553,  0.21156200535710745214
0.79100000000000003642,  0.21055670692310363146
0.79200000000000003730,  0.20955137178364172112
0.79300000000000003819,  0.20854600030394718213
0.79400000000000003908,  0.20754059284561129917
0.79500000000000003997,  0.20653514976662756819
0.79600000000000004086,  0.20552967142142736234
0.79700000000000004174,  0.20452415816091540357
0.79800000000000004263,  0.20351861033250484567
0.79900000000000004352,  0.20251302828015207980
0.80000000000000004441,  0.20150741234439095706
0.80100000000000004530,  0.20050176286236703893
0.80200000000000004619,  0.19949608016787120923
0.80300000000000004707,  0.19849036459137311961
0.80400000000000004796,  0.19748461646005413539
0.80500000000000004885,  0.19647883609784014269
0.80600000000000004974,  0.19547302382543388366
0.80700000000000005063,  0.19446717996034709741
0.80800000000000005151,  0.19346130481693224468
0.80900000000000005240,  0.19245539870641381608
0.81000000000000005329,  0.19144946193691969594
0.81100000000000005418,  0.19044349481351174891
0.81200000000000005507,  0.18943749763821646215
0.81300000000000005596,  0.18843147071005517112
0.81400000000000005684,  0.18742541432507381360
0.81500000000000005773,  0.18641932877637265586
0.81600000000000005862,  0.18541321435413551932
0.81700000000000005951,  0.18440707134565886838
0.81800000000000006040,  0.18340090003538053742
0.81900000000000006128,  0.18239470070490818032
0.82000000000000006217,  0.18138847363304738680
0.82100000000000006306,  0.18038221909582963232
0.82200000000000006395,  0.17937593736653975607
0.82300000000000006484,  0.17836962871574338352
0.82400000000000006573,  0.17736329341131396031
0.82500000000000006661,  0.17635693171845953642
0.82600000000000006750,  0.17535054389974938371
0.82700000000000006839,  0.17434413021514011399
0.82800000000000006928,  0.17333769092200174144
0.82900000000000007017,  0.17233122627514335656
0.83000000000000007105,  0.17132473652683871679
0.83100000000000007194,  0.17031822192685133754
0.83200000000000007283,  0.16931168272245961104
0.83299999999999996270,  0.16830511915848148097
0.83399999999999996358,  0.16729853147729886742
0.83499999999999996447,  0.16629191991888195301
0.83599999999999996536,  0.16528528472081319145
0.83699999999999996625,  0.16427862611831106632
0.83799999999999996714,  0.16327194434425360003
0.83899999999999996803,  0.16226523962920158528
0.83999999999999996891,  0.16125851220142173315
0.84099999999999996980,  0.16025176228690946045
0.84199999999999997069,  0.15924499010941151056
0.84299999999999997158,  0.15823819589044829659
0.84399999999999997247,  0.15723137984933602262
0.84499999999999997335,  0.15622454220320869389
0.84599999999999997424,  0.15521768316703982160
0.84699999999999997513,  0.15421080295366387802
0.84799999999999997602,  0.15320390177379761276
0.84899999999999997691,  0.15219697983606109148
0.84999999999999997780,  0.15119003734699856811
0.85099999999999997868,  0.15018307451109913497
0.85199999999999997957,  0.14917609153081723417
0.85299999999999998046,  0.14816908860659278035
0.85399999999999998135,  0.14716206593687133908
0.85499999999999998224,  0.14615502371812386095
0.85599999999999998312,  0.14514796214486641590
0.85699999999999998401,  0.14414088140967964979
0.85799999999999998490,  0.14313378170322790806
0.85899999999999998579,  0.14212666321427841476
0.85999999999999998668,  0.14111952612972017418
0.86099999999999998757,  0.14011237063458253926
0.86199999999999998845,  0.13910519691205389115
0.86299999999999998934,  0.13809800514349976353
0.86399999999999999023,  0.13709079550848107809
0.86499999999999999112,  0.13608356818477218564
0.86599999999999999201,  0.13507632334837846311
0.86699999999999999289,  0.13406906117355402164
0.86799999999999999378,  0.13306178183281919258
0.86899999999999999467,  0.13205448549697759719
0.86999999999999999556,  0.13104717233513338281
0.87099999999999999645,  0.13003984251470807054
0.87199999999999999734,  0.12903249620145734733
0.87299999999999999822,  0.12802513355948752505
0.87399999999999999911,  0.12701775475127208281
0.87500000000000000000,  0.12601035993766782073
0.87600000000000000089,  0.12500294927793106914
0.87700000000000000178,  0.12399552292973348155
0.87800000000000000266,  0.12298808104917784145
0.87900000000000000355,  0.12198062379081367479
0.88000000000000000444,  0.12097315130765270985
0.88100000000000000533,  0.11996566375118423997
0.88200000000000000622,  0.11895816127139018092
0.88300000000000000711,  0.11795064401676008670
0.88400000000000000799,  0.11694311213430601259
0.88500000000000000888,  0.11593556576957728121
0.88600000000000000977,  0.11492800506667494309
0.88700000000000001066,  0.11392043016826616797
0.88800000000000001155,  0.11291284121559863607
0.88900000000000001243,  0.11190523834851455465
0.89000000000000001332,  0.11089762170546467457
0.89100000000000001421,  0.10988999142352212646
0.89200000000000001510,  0.10888234763839618746
0.89300000000000001599,  0.10787469048444575659
0.89400000000000001688,  0.10686702009469288555
0.89500000000000001776,  0.10585933660083600427
0.89600000000000001865,  0.10485164013326311871
0.89700000000000001954,  0.10384393082106485595
0.89800000000000002043,  0.10283620879204737053
0.89900000000000002132,  0.10182847417274512591
0.90000000000000002220,  0.10082072708843355102
0.90100000000000002309,  0.09981296766314158575
0.90200000000000002398,  0.09880519601966400445
0.90300000000000002487,  0.09779741227957378102
0.90400000000000002576,  0.09678961656323424589
0.90500000000000002665,  0.09578180898981106250
0.90600000000000002753,  0.09477398967728417611
0.90700000000000002842,  0.09376615874245965154
0.90800000000000002931,  0.09275831630098127500
0.90900000000000003020,  0.09175046246734214206
0.91000000000000003109,  0.09074259735489616230
0.91100000000000003197,  0.08973472107586934199
0.91200000000000003286,  0.08872683374137101120
0.91300000000000003375,  0.08771893546140493991
0.91400000000000003464,  0.08671102634488035699
0.91500000000000003553,  0.08570310649962283034
0.91600000000000003642,  0.08469517603238502224
0.91700000000000003730,  0.08368723504885740294
0.91800000000000003819,  0.08267928365367879784
0.91900000000000003908,  0.08167132195044689291
0.92000000000000003997,  0.08066335004172850431
0.92100000000000004086,  0.07965536802906994507
0.92200000000000004174,  0.07864737601300708647
0.92300000000000004263,  0.07763937409307547499
0.92400000000000004352,  0.07663136236782022714
0.92500000000000004441,  0.07562334093480596597
0.92600000000000004530,  0.07461530989062649388
0.92700000000000004619,  0.07360726933091449320
0.92800000000000004707,  0.07259921935035111573
0.92900000000000004796,  0.07159116004267539191
0.93000000000000004885,  0.07058309150069363991
0.93100000000000004974,  0.06957501381628873605
0.93200000000000005063,  0.06856692708042931572
0.93300000000000005151,  0.06755883138317884951
0.93400000000000005240,  0.06655072681370467758
0.93500000000000005329,  0.06554261346028690538
0.93600000000000005418,  0.06453449141032722991
0.93700000000000005507,  0.06352636075035768271
0.93800000000000005596,  0.06251822156604930347
0.93900000000000005684,  0.06151007394222066799
0.94000000000000005773,  0.06050191796284640211
0.94100000000000005862,  0.05949375371106557786
0.94200000000000005951,  0.05848558126919000538
0.94300000000000006040,  0.05747740071871250411
0.94400000000000006128,  0.05646921214031500741
0.94500000000000006217,  0.05546101561387664636
0.94600000000000006306,  0.05445281121848176420
0.94700000000000006395,  0.05344459903242777810
0.94800000000000006484,  0.05243637913323304783
0.94900000000000006573,  0.05142815159764459881
0.95000000000000006661,  0.05041991650164581729
0.95100000000000006750,  0.04941167392046404844
0.95200000000000006839,  0.04840342392857810427
0.95300000000000006928,  0.04739516659972571599
0.95400000000000007017,  0.04638690200691093085
0.95500000000000007105,  0.04537863022241137717
0.95600000000000007194,  0.04437035131778551550
0.95700000000000007283,  0.04336206536387979260
0.95800000000000007372,  0.04235377243083571219
0.95900000000000007461,  0.04134547258809686404
0.95999999999999996447,  0.04033716590441585592
0.96099999999999996536,  0.03932885244786119699
0.96199999999999996625,  0.03832053228582411181
0.96299999999999996714,  0.03731220548502526407
0.96399999999999996803,  0.03630387211152143190
0.96499999999999996891,  0.03529553223071212054
0.96599999999999996980,  0.03428718590734610577
0.96699999999999997069,  0.03327883320552789403
0.96799999999999997158,  0.03227047418872414780
0.96899999999999997247,  0.03126210891977002082
0.96999999999999997335,  0.03025373746087545862
0.97099999999999997424,  0.02924535987363139147
0.97199999999999997513,  0.02823697621901591348
0.97299999999999997602,  0.02722858655740038186
0.97399999999999997691,  0.02622019094855544685
0.97499999999999997780,  0.02521178945165702956
0.97599999999999997868,  0.02420338212529224431
0.97699999999999997957,  0.02319496902746524467
0.97799999999999998046,  0.02218655021560303822
0.97899999999999998135,  0.02117812574656122854
0.97999999999999998224,  0.02016969567662969115
0.98099999999999998312,  0.01916126006153820796
0.98199999999999998401,  0.01815281895646204263
0.98299999999999998490,  0.01714437241602745701
0.98399999999999998579,  0.01613592049431717204
0.98499999999999998668,  0.01512746324487577836
0.98599999999999998757,  0.01411900072071508271
0.98699999999999998845,  0.01311053297431941794
0.98799999999999998934,  0.01210206005765089056
0.98899999999999999023,  0.01109358202215457792
0.98999999999999999112,  0.01008509891876366478
0.99099999999999999201,  0.00907661079790454683
0.99199999999999999289,  0.00806811770950186663
0.99299999999999999378,  0.00705961970298350609
0.99399999999999999467,  0.00605111682728553483
0.99499999999999999556,  0.00504260913085710031
0.99599999999999999645,  0.00403409666166527209
0.99699999999999999734,  0.00302557946719983917
0.99799999999999999822,  0.00201705759447805971
0.99899999999999999911,  0.00100853109004936186
1.00000000000000000000,  0.00000000000000000000
